 2.13649060828529 
 2.0714639586729 
 2.44696106350876 
 2.34081596542191 
 1.93325606023502 
 2.99928131627105 
 2.21124605595427 
 1.39850774840596 
 1.22207471017272 
 1.45275756525118 
 1.80655200763009 
 1.31010956729569 
 5.82857551524587 
 1.6732281037132 
 1.79145551868096 
 1.25840246653851 
 1.25400269510069 
 1.77652053014854 
 2.33996793031931 
 1.24407295223057 
 1.79936674560288 
 1.43217128134563 
 1.09137417600131 
 1.35551916134479 
 6.10431656671589 
 1.10965925272436 
 1.29961437373836 
 1.67496343772736 
 1.19640245482823 
 1.06893150263195 
 2.53755183348846 
 1.33146191220635 
 2.74498476165245 
 4.78976732385533 
 5.00672626565179 
 4.51448173067087 
 1.4201022329562 
 6.06124763557962 
 1.03123105481014 
 1.07244315115305 
 1.58648447135045 
 1.16951962970522 
 2.81699489461725 
 1.42129291245672 
 3.23739061002334 
 2.50859013146409 
 3.93299113371958 
 1.88749845979551 
 1.59221578864235 
 9.38569701147205 
 4.71951867126635 
 4.48337971232302 
 4.94913833457 
 4.92741550505533 
 4.43463955756613 
 4.87644015944379 
 4.08284649339182 
 1.21500445401386 
 4.52740474289309 
 4.53109052882882 
 4.80227180398293 
 3.1561725907785 
 5.70042872274894 
 1.46620135163864 
 1.06195547078015 
 1.11572523093968 
 1.44421564158707 
 1.28218625374147 
 1.01569356587572 
 2.59010249104812 
 6.38265922653753 
 2.24093639267413 
 1.27060834053949 
 1.40776488560535 
 5.61075220790342 
 1.0446423358679 
 1.11475335593817 
 1.67654374842645 
 2.02189987769317 
 13.9703761169426 
 6.27928457448803 
 4.60495910100408 
 3.15352617737986 
 1.28202039848159 
 1.7998885674426 
 1.10899255163358 
 1.51968288030771 
 5.52870292300411 
 6.47143713539 
 1.68435621942176 
 3.34380169737617 
 4.07213447371351 
 7.9559988909468 
 13.0683151339491 
 12.6954248454471 
 15.6066672888228 
 12.6597760622626 
 4.55419822677556 
 3.94966819955185 
 6.24201443535776 
 4.69190674919886 
 7.27273779046417 
 21.495848278156 
 15.8783318434728 
 7.19032221221472 
 19.1996354966525 
 4.73168283977337 
 4.20573399959471 
 4.49938541806739 
 5.30974222464065 
 2.96997622596615 
 3.37987727159358 
 2.11582399958511 
 2.82769153271228 
 2.135521859775 
 2.38872808957974 
 3.57100298187792 
 2.246281933271 
 8.43395107963441 
 3.73274336383189 
 2.36269303406311 
 8.05000439775056 
 2.52031624471088 
 2.7371944713293 
 2.19033684565999 
 3.40635643472283 
 2.65501248673693 
 2.19203221103029 
 1.95170227611368 
 6.85921276488182 
 2.35470108421998 
 1.96748492946583 
 2.03905118829787 
 3.27207927304566 
 1.82758245475165 
 6.75890795328037 
 2.20842112675766 
 2.05261434590922 
 4.23447461493321 
 7.44377172163208 
 2.03194777921187 
 1.40448623387064 
 1.58135937906652 
 1.61728374624801 
