 3.58608303930898 
 3.59735117329059 
 4.65991680250954 
 5.68011908784331 
 3.65018851508322 
 3.42641452617128 
 4.57375365326795 
 4.44538769099953 
 3.60266679315305 
 4.33600451889463 
 3.97148098752629 
 12.6332484567339 
 3.29382941368526 
 4.40606235333935 
 4.74010657214715 
 3.85415953454536 
 4.91282883641934 
 4.32775973906233 
 4.61520805227233 
 3.85424381561381 
 4.16897441295055 
 4.69828402707564 
 4.1313867247446 
 3.77931549892136 
 13.7262996301053 
 3.69823625959691 
 3.69628946967091 
 4.59681032556069 
 4.65874672555977 
 4.0859091627865 
 5.0512650640526 
 3.79922893156936 
 3.80190681204537 
 4.8767686076196 
 4.23521862171269 
 3.60319360608738 
 13.474860145935 
 4.56484153632755 
 6.0393091319703 
 4.86639264241373 
 11.4060150473972 
 49.3587259868331 
 32.9904199347684 
 26.5313715444715 
 10.357194240412 
 24.8947601838911 
 26.3681356611818 
 40.1303409630032 
 32.9592870910088 
 7.95863286169576 
 26.9412884981575 
 32.0905970209425 
 39.4170515518231 
 39.707360035873 
 38.1561565336017 
 28.4778798443352 
 9.39319896061169 
 39.203066417227 
 29.0722463092704 
 3.87501909707074 
 4.7401903347795 
 5.2207580910684 
 3.81085420640447 
 4.19480305745145 
 40.3108404057646 
 40.4678036041045 
 40.1446216876112 
 30.7912794356407 
 7.36167305343633 
 8.07918981721555 
 6.55424945563326 
 8.17807857624847 
 7.48647710531189 
 14.9739058445088 
 6.45273994335389 
 5.59597742977955 
 4.62638439319536 
 5.14283140909742 
 13.460663498594 
 4.23586358875939 
 4.61753754433067 
 5.18505097899064 
 5.76953043368838 
 4.17978961002582 
 13.4047607492434 
 4.8898787608611 
 3.98859374331875 
 14.9251285490129 
 4.90526161666748 
 4.80306723928857 
 4.30542184916416 
 4.61355012549313 
 4.91887346364345 
 12.6436196777725 
 3.69215004172595 
 5.67740502272881 
 4.28194064557645 
 4.02675535010056 
 3.82861893795005 
 14.3714496810206 
 4.39715448843379 
 3.81768242695173 
 5.39552442051699 
 5.10227267374089 
 5.11203765624092 
 16.4771557341132 
 5.46275242500268 
 6.40353766410274 
 22.9595483430649 
 17.9187128649938 
 8.08238350647999 
 21.6971905129222 
 18.4971634446622 
 17.2714507851321 
 19.563854204091 
 10.8808520069339 
 9.0278737840333 
 9.74059947379798 
 13.4177374374191 
 23.5372750433704 
 9.53457225411625 
 10.2312374150693 
 8.55230107414251 
 11.1723845928241 
 7.40005970398741 
 6.67946209368179 
 6.9367020554729 
 25.3899818418938 
 15.9346264096972 
 17.999196489646 
 16.4866563125737 
 13.1559734354826 
 18.078458627783 
 8.70141525473576 
 13.7462319348891 
 13.7110797340752 
 11.2110204243491 
 8.38346198487385 
 18.1321144094975 
 9.2896831639693 
 6.61797974384692 
 7.43150224091306 
 8.47983717983855 
 7.53279669604982 
