 3.72331987085018 
 3.65579696811884 
 3.35387475567094 
 3.69236806137936 
 3.58471234169437 
 4.27894972041073 
 3.71833344810396 
 3.57503943414584 
 3.31870736344832 
 3.42046036054646 
 3.373520510899 
 4.43761541152497 
 3.5382598878609 
 3.50043056810551 
 3.43905633968137 
 3.57432708881861 
 3.51651459019293 
 3.24871000016718 
 4.39213774582722 
 4.47900646138183 
 3.52978672028307 
 3.68515312392239 
 3.71709621656832 
 3.39931493346885 
 3.52956176894713 
 3.5559935533473 
 3.62992756588197 
 4.6556307682284 
 3.62366641977458 
 3.57897608358684 
 4.30740606817062 
 3.51846416863431 
 3.40268920374793 
 5.07010364270015 
 3.57818875374341 
 3.58906140260844 
 6.78389555291437 
 6.63850199269783 
 6.53348720097604 
 6.48977165390918 
 3.42615912811805 
 3.69880017216866 
 3.60045893723396 
 5.78511152858141 
 4.79360093210329 
 3.29504997773816 
 3.59895925998638 
 8.62759686874607 
 6.45587897928675 
 6.71213606793384 
 4.53359465489039 
 3.41112734551011 
 5.05087029814684 
 6.65968490977296 
 6.79038164885895 
 6.31239750875243 
 6.51582851965507 
 6.49562039019278 
 6.23321463340319 
 3.3640350635344 
 3.00051367131695 
 2.86618021959963 
 3.06578705677674 
 3.65332250843435 
 2.82827591626957 
 2.91585697787651 
 4.38624930076727 
 2.6649237306243 
 6.74704100397219 
 5.30742729312389 
 7.91506340482277 
 7.5364702549286 
 7.06958373598765 
 6.229765338464 
 5.86775407115455 
 6.23070261508754 
 7.06133551556878 
 5.18239183124999 
 2.09902108999457 
 2.70136585003911 
 2.75764119017575 
 3.46770014719573 
 3.55153201931619 
 5.45661160244764 
 3.38814235092609 
 6.43255902718887 
 3.43894386508219 
 2.72183643191518 
 3.03241927145909 
 2.98367981074374 
 3.68942720012166 
 3.21807912416705 
 3.21110563205546 
 2.98454212401231 
 4.3183162092079 
 5.23889214421205 
 3.13061053815312 
 5.92836805218153 
 5.70862806865337 
 7.20462957388172 
 4.52467158690582 
 5.10395882206159 
 3.66591978303325 
 3.89390798294852 
 5.36621461195117 
 3.93080000542049 
 3.90635529133139 
 3.98201393093438 
 4.13126915604212 
 4.70984404523964 
 4.03154072127458 
 4.19774228191473 
 4.58518350178053 
 5.15022381768965 
 3.79354218597638 
 4.91492469867364 
 5.51438257214391 
 4.27032658630615 
 3.90275606960437 
 3.97099131444041 
 4.87971981135466 
 4.81414649089963 
 11.6357213962937 
 11.8565486446935 
 9.53853739050389 
 9.46767771316342 
 8.13067932514389 
 4.19699244399216 
 6.47638704861385 
 5.86586906676404 
 7.38676518878637 
 8.79466074600115 
 9.97719253578097 
 8.898250845666 
 4.67861329834625 
 4.16996078911068 
 5.47535351145393 
 4.30249462990603 
 3.84468112721298 
 4.04106366140616 
 4.04979927225984 
 5.14235051921452 
 3.86779171750001 
 5.06106809547849 
