 0.610862278385391 
 0.585399369249145 
 2.68534660688838 
 0.688857833144955 
 0.7865068014785 
 0.658450686871995 
 0.619102685496403 
 0.621739620245806 
 0.546999018396694 
 0.537192920253084 
 0.533237519841853 
 0.672047382858551 
 0.586470629965139 
 0.530064961227002 
 2.34093829275322 
 0.443664167497635 
 0.486926369548984 
 0.5291585191953 
 0.598172031368145 
 0.721077885363066 
 0.598542852147476 
 0.542714012646622 
 0.535503646625861 
 0.532660702747841 
 0.440944837282766 
 0.418901716441209 
 0.559565673461085 
 2.3141157389506 
 0.445889090909407 
 0.416553198737466 
 0.415193529814311 
 0.373620614913605 
 3.41227521049962 
 3.90183851769654 
 4.06870700731091 
 1.92500314350623 
 1.36453102861239 
 0.460639441762761 
 0.458661740911945 
 1.39765751327573 
 0.699240780139437 
 0.995236639019874 
 0.789638178637951 
 0.621574827909292 
 0.467437785713196 
 1.40606273921836 
 0.398506678272233 
 0.398506678076421 
 1.91445540377 
 0.843118497998056 
 0.39850667771786 
 0.500811482572415 
 0.611974738156726 
 0.577200169010297 
 1.45002537522186 
 0.540983526685159 
 0.62915601276167 
 3.93422336256988 
 5.63990774174047 
 4.35971741071027 
 3.86438581042156 
 3.14639808225016 
 2.7244474153813 
 2.6701430530256 
 1.53889829996263 
 1.77704641655999 
 0.365091782066604 
 0.363855719724561 
 0.404192572472105 
 1.29827806079515 
 0.394015655845054 
 0.533402347891042 
 0.447001552697967 
 1.56679212403709 
 1.28567022212018 
 0.37477427960681 
 0.355079678081849 
 0.346962865552799 
 0.374609472489279 
 0.389730642127871 
 0.263034196556667 
 0.324342915931739 
 0.374650675554499 
 0.361259994368215 
 0.360229941972541 
 0.406087874987694 
 2.45927073317665 
 0.535668467192735 
 0.436165404530567 
 0.311199446321977 
 0.322694830669879 
 0.31041660541199 
 0.301599356142065 
 0.371972535693806 
 0.538264195129207 
 2.34555294232391 
 0.562861844559611 
 0.553838584358099 
 3.04491732000302 
 5.91295403380178 
 1.56938784790704 
 0.68411960734296 
 0.556475511845667 
 0.548894324616385 
 0.526150765912173 
 0.548894321419871 
 0.548894319830913 
 0.490346139554258 
 2.65992491816236 
 0.817737993055538 
 0.679628565168705 
 0.673819068297875 
 2.4013405569829 
 0.747282403537637 
 0.543908855670026 
 0.490346129751753 
 0.630227245676675 
 0.534432371423865 
 0.489480884041621 
 0.48948088377425 
 1.57239557834359 
 0.68333674635593 
 1.56786334796668 
 0.732985272776833 
 0.756717680635253 
 0.58729466157912 
 0.543908854934348 
 0.500687856765493 
 1.6391429779748 
 0.500687858489892 
 0.500687859428106 
 0.631092494900426 
 0.626477861105637 
 1.62591710984702 
 0.682389107592136 
 0.675055135378904 
 0.671758968535636 
 1.71742696902836 
 0.579136657730112 
 0.59776000581692 
 0.378235237706548 
 0.378235238088122 
 0.378235238341683 
 0.378235238457368 
