 1.83039329143927 
 2.81483319277728 
 1.9276792970571 
 1.87346455027834 
 1.82666693857954 
 1.82549699711446 
 1.92169208713839 
 1.86783149736676 
 1.81951729006764 
 2.79217099807211 
 1.91419577949295 
 1.8589485893679 
 1.81150100044193 
 1.86146177482696 
 2.83766863036159 
 1.81839061604284 
 1.82064382223279 
 1.8703879386705 
 1.8734644355753 
 1.83606966825645 
 2.18323862448025 
 2.01901366890259 
 2.89768217792731 
 1.98096894304582 
 1.87840417527476 
 1.92580842366578 
 2.93776346655774 
 1.86466820933329 
 1.86011844143471 
 1.9515037795121 
 1.93122481402124 
 1.98096894304582 
 2.02022694034222 
 5.30338278708716 
 5.07905756412528 
 3.50639779163573 
 6.26919018415057 
 5.03091668664592 
 3.50397124875648 
 3.39174364059128 
 3.63491790199017 
 2.99179737674385 
 1.92468181447184 
 1.92351187415506 
 2.04969210387594 
 3.91323370401531 
 2.23124950859108 
 5.0203872237949 
 2.04210915737829 
 2.0286331781739 
 2.01021745096532 
 2.03825269698637 
 3.16611850266891 
 3.87887215094276 
 2.22929964336609 
 1.95258710011432 
 3.78766015898306 
 5.51015895987211 
 6.37054173980602 
 4.83172357813995 
 3.37961099242089 
 4.31378667197928 
 1.56065712120514 
 2.43473253176187 
 5.18032246830429 
 3.36756494321675 
 8.56365986854535 
 13.7599714488531 
 13.7455855132425 
 7.99138572070938 
 1.80855446049248 
 7.74868809339956 
 7.49104123216726 
 4.67265500384518 
 5.83652895787482 
 4.83462672962026 
 4.85494902010802 
 4.51514634842745 
 1.25447934793641 
 2.55545297358753 
 1.1470181527958 
 1.19065259349942 
 1.19472571904673 
 1.15421111918786 
 1.21990110141892 
 1.26916858809222 
 2.50549218506891 
 2.70069889347981 
 1.55558731008913 
 4.19115952593485 
 3.77656734256625 
 3.41756898980612 
 4.32765256289253 
 4.29077777735254 
 5.0073012246961 
 4.7269488598973 
 1.56858664694224 
 2.55497632735642 
 1.50870303517224 
 1.58691571190513 
 1.65503223701544 
 3.73522945137335 
 5.66558764293771 
 4.34203849567663 
 5.795537680346 
 6.7363430195286 
 3.31041112301363 
 3.44174775635291 
 4.41383816622867 
 1.79858824699664 
 1.90487949133226 
 1.82016714617282 
 5.46890767635012 
 6.49845515511664 
 5.38445531792774 
 5.39247157565382 
 5.73825393594662 
 6.54902257547524 
 5.47679394070768 
 5.62299314918235 
 5.66966076848503 
 6.98879014121604 
 4.98923214647026 
 2.11304220547344 
 2.03157969452727 
 2.04388573341488 
 2.10320604058791 
 4.0510266746583 
 2.07135766529779 
 2.17977213465275 
 2.09276323998258 
 3.07789631783429 
 3.36145518572352 
 2.22175999585568 
 2.20949729394405 
 2.28974653904584 
 3.32497040015565 
 2.3929612837324 
 2.31713182306958 
 2.32852791210971 
 3.50293133762908 
 3.41674573667931 
 2.32783462126111 
 2.2765305726871 
