 1.18102058172669 
 1.93719952633361 
 2.13293719213786 
 1.03947607618101 
 1.38114108122913 
 1.38529320781126 
 1.37834270531395 
 1.21483389080293 
 2.40005174480683 
 5.94052265560393 
 1.03727451479099 
 1.10938817040023 
 1.51895448240786 
 2.84230823704476 
 2.03396283861878 
 2.34518555205061 
 2.81434969836396 
 2.02757075537691 
 1.67416822339216 
 1.41515669859362 
 1.53142903101657 
 5.84101925232035 
 2.35760925207858 
 2.43021864883726 
 2.64140530668534 
 1.89948528856611 
 1.90196487788356 
 10.7638205718959 
 1.94068047687904 
 7.73432220186393 
 1.33977977833263 
 9.70541880615509 
 13.4184573315695 
 10.9428071136663 
 6.7487910969546 
 1.3711673132814 
 15.5363421360341 
 18.3291705735374 
 17.6019416287337 
 17.6584387821667 
 2.9462685868833 
 1.2341203291985 
 2.84461192359767 
 4.77368915886557 
 5.69751097598273 
 5.26169037211183 
 5.49505537016188 
 5.00115962664835 
 8.38210803796445 
 6.30783983443998 
 6.29324408555127 
 4.33684688276605 
 8.66846405486042 
 11.146726992086 
 13.1800908570917 
 12.2230997443761 
 11.3853738670003 
 11.4943998519392 
 11.1214759304152 
 4.96254926633243 
 5.25429972232523 
 5.87192472005992 
 5.45906130353401 
 8.98460409642086 
 5.46786419585864 
 6.43976493117484 
 6.46891420439504 
 10.697647479134 
 6.07765855085079 
 5.59715647799141 
 4.8991249636964 
 4.66224503333782 
 4.2040600176114 
 4.00042711298667 
 4.05432283897625 
 4.11277917210075 
 5.46224337364871 
 8.19837751142489 
 15.9843021386826 
 9.17671930389599 
 21.4449517483211 
 9.84148101961426 
 4.85046815379939 
 5.18572756422624 
 13.1795220155383 
 13.065496710065 
 20.5230918739097 
 20.4938876800109 
 20.5413551908842 
 12.2559430549915 
 16.1421919400885 
 12.8443023485451 
 18.8848590405111 
 21.5020549535753 
 20.4864849795979 
 11.3637888537541 
 12.3068384512325 
 20.4997465993103 
 9.77312050551028 
 19.9379132957703 
 18.6399664401172 
 11.7715306851689 
 16.0994893500855 
 2.15637926619578 
 8.23161018945785 
 15.0442518167215 
 9.88608911084037 
 8.61227716152706 
 6.7469977827125 
 1.22753228930086 
 12.9235745440778 
 18.0399808906593 
 4.92313832054858 
 2.43065375089725 
 1.66670302498024 
 1.08813259129579 
 1.24809271877294 
 1.39549229411568 
 2.5297923966049 
 1.50304202288984 
 1.58909675871278 
 1.85761594427921 
 1.21500912426667 
 0.966414863193334 
 5.20010597725098 
 0.921555749310546 
 1.00364793000678 
 1.97514682816567 
 1.51885486521801 
 2.02994971440753 
 1.46536037161172 
 1.3867073906145 
 1.38110000164189 
 1.91625346561051 
 1.04396797731296 
 1.14112534390117 
 6.11957063958334 
 1.42666647763165 
 1.03376228096273 
 1.07403188285099 
 1.43178151942643 
 1.3439427002699 
 1.40233331820916 
 1.89028834022196 
