 1.52944788241865 
 1.52352634762854 
 1.50539919981055 
 2.45107235841925 
 1.55434249876656 
 2.54684049276446 
 1.71994406435462 
 1.48356605677782 
 1.57601451127083 
 1.56739404518336 
 1.47820847800069 
 1.4763957632307 
 2.37953054836977 
 1.66459583984888 
 1.55402023830805 
 1.4808671263611 
 1.57645761905538 
 2.47745742897558 
 1.48763459485285 
 1.49484517145059 
 1.59567239560467 
 1.67784879895426 
 1.51643661858491 
 1.57110003978966 
 2.5251116863654 
 1.5668703719351 
 1.52094826421902 
 1.51736311723513 
 2.73510462285291 
 1.65110118533548 
 1.66681138006169 
 1.65786865381881 
 1.56948873774234 
 1.53464433145637 
 1.49979992514725 
 1.5916441406007 
 1.71309603074576 
 2.5614465470473 
 2.52301699377808 
 1.63164471340221 
 1.63253092946137 
 1.63341714556161 
 1.83156701217271 
 1.96851557864735 
 1.81095841035217 
 1.73509424765587 
 4.41306608682177 
 3.11321660909391 
 2.29542840769545 
 3.28287839893117 
 4.58876199780967 
 1.59835048648289 
 1.48346861444929 
 1.69535883804429 
 1.64106201194812 
 1.52968772616661 
 2.41844875471181 
 1.42134204005895 
 1.53140137676206 
 2.53299427124598 
 1.36581506941659 
 2.95945134058777 
 6.10211291514882 
 1.69461612604659 
 3.93494876916071 
 3.92658868966295 
 2.66201737003492 
 1.18849390950928 
 2.50771934780795 
 1.09892983817776 
 1.10176169635555 
 2.25474088619572 
 4.15109421141172 
 2.75804998019642 
 2.32320674794226 
 1.022691469661 
 3.36404099600753 
 0.999180099022435 
 6.57751448067839 
 4.21918391617064 
 4.75728960708546 
 4.69337259609571 
 1.52036777948672 
 0.965889901500284 
 0.999134454559536 
 1.16482997549596 
 1.21676757387383 
 2.08003602496297 
 2.29431230325942 
 1.38543050527883 
 1.35543339746082 
 1.44235301959841 
 2.64517985945772 
 1.45192002269588 
 2.25200192157847 
 3.87904430254837 
 3.55576671221521 
 3.5847993462238 
 3.81331118823797 
 3.36648608622821 
 5.87809208511139 
 2.93560187584923 
 5.61341371319761 
 4.57049847728193 
 4.35885395626488 
 5.86147366000582 
 4.31349580429637 
 3.9356857618803 
 3.69838125609966 
 3.22699484861872 
 2.34633772671039 
 1.66999370158134 
 1.5083801084108 
 1.51643661855417 
 2.42690282796769 
 1.62205746633078 
 1.7205080200576 
 1.71450592002705 
 1.83752882965081 
 1.7289673556777 
 1.66080928002615 
 2.67117621501206 
 4.76405613309984 
 2.86908438625656 
 1.72425429728322 
 2.98324513473954 
 1.88445800113038 
 4.95765407143113 
 1.78141523661977 
 1.83503131152655 
 3.31150763986331 
 3.18896812081958 
 2.92966934241286 
 3.0923302818804 
 1.89082264412481 
 1.81726670671789 
 2.79452138505511 
 1.74020618733537 
 1.74814184981887 
 1.7210092239469 
 1.78145551918115 
 1.91217239594447 
 1.79547384673736 
 1.75559412159745 
