 2.51416806707749 
 1.09585047410524 
 1.83064160388375 
 0.940774838985022 
 1.02082786517752 
 1.32443091874377 
 0.982405881688548 
 1.25955587676058 
 2.2442601388254 
 1.00231072398522 
 0.946412375710337 
 1.02126152162184 
 1.99295608280876 
 2.07322593744322 
 0.970263494048738 
 1.28709307694813 
 1.03244986441278 
 0.926420801971725 
 0.909291362434758 
 0.779237718973137 
 0.822646754349564 
 0.901268713529718 
 2.03614828982786 
 1.04368157284822 
 0.931147659947329 
 1.84742089523862 
 0.917357376971224 
 0.953134054477867 
 0.9070797132428 
 0.999578686730669 
 1.16562583604677 
 2.68056214168284 
 2.17734691037112 
 3.8297523889884 
 2.48277132213722 
 3.81175563606132 
 1.06549450468973 
 2.35028920118099 
 1.15812357519593 
 0.990428530423065 
 1.00270101493869 
 0.917010451575906 
 5.68298428398585 
 7.90328919679117 
 9.10359018220356 
 9.13254105293373 
 8.8325199430888 
 8.68089614482875 
 8.24214823725438 
 10.5383370318615 
 10.4305933562134 
 7.31583084164778 
 4.76725057521877 
 4.85664742728921 
 7.11081520996599 
 6.57729737487884 
 6.15878550699239 
 6.13108526561648 
 6.05390500613334 
 5.43985796660541 
 6.7960869802142 
 5.64448004709605 
 5.65745831951973 
 4.41816552416507 
 6.39595661759501 
 6.49922265272703 
 6.53947851498407 
 6.918887877004 
 6.21441561264669 
 4.78517283281636 
 6.39651390730925 
 6.49682150909378 
 7.45043531346764 
 5.72637079204419 
 4.59376074712215 
 5.97225945116415 
 4.37751121318436 
 4.31205327035331 
 4.26138297362168 
 4.35219253971868 
 4.50210953874275 
 4.58660687570662 
 4.82505751228965 
 4.59300976753812 
 4.36178599522399 
 4.47867569544572 
 4.54812335355969 
 5.56246558954717 
 4.69265620856989 
 6.8793025949891 
 8.30492484426862 
 7.22947061678898 
 4.51917400706707 
 5.63698189110865 
 4.45705976572406 
 5.09420256698103 
 4.16081427416325 
 7.49120952033014 
 4.6167146721996 
 4.5569987383396 
 2.42084783217606 
 10.752258939572 
 4.71094279409833 
 2.62357964735019 
 2.70046697854555 
 2.05687707285812 
 3.10316058400235 
 2.42843412652166 
 1.98619102368469 
 1.01532040623558 
 1.04528607893396 
 1.03995209511388 
 1.2598594176615 
 2.33077463136803 
 2.00076188513097 
 1.17836906092293 
 1.16701350643654 
 1.09177407339708 
 2.43142634439944 
 1.26892283738249 
 2.44738491124403 
 1.27616490180874 
 1.03947507308837 
 2.69018928541456 
 2.43519916192114 
 3.1931009716359 
 2.90528302200195 
 2.4062249931231 
 3.97272896999966 
 3.56257647273851 
 3.70165018088927 
 1.13774169488599 
 1.14932033203483 
 2.43012538953369 
 1.48878679920848 
 1.6169757204905 
 1.46094604214634 
 1.31892347484255 
 1.20383098820986 
 2.16286277444194 
 1.04992622747637 
 0.879542511537611 
 1.07500875791386 
 1.01748870699609 
