 1.87348000000562 
 0.985039842572304 
 0.905772445729856 
 0.782839845420191 
 0.778519846803209 
 0.91335984853744 
 0.927298792889488 
 0.809999873355632 
 0.762319878561587 
 0.743439883360166 
 0.694559887903054 
 0.65055989230841 
 0.696559896661815 
 1.73303990102008 
 0.690399905417531 
 0.632119909872964 
 0.620119914395524 
 0.584199918988511 
 0.459519923651067 
 0.459519928378366 
 0.459519933161194 
 0.596959937985678 
 0.899519942833672 
 0.780159947683887 
 0.432639952513591 
 1.46767995730053 
 0.572759962024534 
 0.480519966667646 
 0.567679971218894 
 0.600799975670265 
 2.62807998001626 
 1.67671998425244 
 4.75755998837573 
 3.4287999923825 
 1.81679999626774 
 1.29608000002325 
 0.729080003394347 
 1.4734000066296 
 0.512240009720496 
 0.662080012659685 
 0.71300001544218 
 0.689600018066338 
 0.658360020534628 
 0.631983995152412 
 1.18616796027777 
 2.93691191592706 
 2.05877586212094 
 1.45015979888391 
 1.40054372624394 
 0.754162129063029 
 0.763260591365636 
 0.713999113188945 
 0.671457693987174 
 1.81779633465815 
 0.76744136143447 
 0.72642426111946 
 0.677593681880806 
 1.94760329776867 
 0.521973108801925 
 0.51602311499821 
 1.51719331637221 
 0.479244196218754 
 0.523775210553843 
 0.55998635937247 
 0.684237642659805 
 1.39576906039 
 0.552980612525467 
 0.518263491729313 
 0.429826299549111 
 0.618629035913085 
 2.55223170074047 
 1.47623429394375 
 0.613596815431279 
 0.805659334518584 
 0.684921809584303 
 0.636704240543542 
 6.38488662732062 
 8.73130896985112 
 8.59209126807992 
 4.39553297890018 
 4.91213471188326 
 6.81009646702694 
 1.64201824434546 
 1.44986004386854 
 3.57314186563976 
 5.08939959051459 
 5.17085731543283 
 4.09467504046526 
 0.95105276568636 
 2.79187049117174 
 0.565488216995813 
 0.584741476541826 
 0.540794736141082 
 0.60092799585358 
 0.65290125573212 
 0.604834515821573 
 1.34588777615834 
 0.436926427673454 
 3.47892510222843 
 2.49700379983144 
 1.46520252048019 
 2.40992126416126 
 1.7191200308495 
 0.513680026045532 
 1.58152002125314 
 1.52508001640869 
 1.58504001143493 
 0.415240010846586 
 0.383433093425899 
 0.512720000487273 
 0.414399997352266 
 0.427559988928079 
 0.512058996286106 
 0.539999985160854 
 2.36453342357674 
 1.57827996775564 
 0.623639963410293 
 0.475359958654677 
 0.522119953567121 
 3.81699994821596 
 2.78799994266038 
 4.30983993910621 
 5.0119199332301 
 3.55991992751846 
 1.54144270739868 
 1.61763991548591 
 1.6329599111707 
 0.869079907044848 
 0.975159903190096 
 0.81171989968172 
 0.725119896589811 
 1.73679989398194 
 0.595599891927831 
 0.639519890506078 
 0.632759889812146 
 0.71167988996659 
 0.661199891122285 
 0.512279893470489 
 1.50839989724742 
 0.507232990967663 
 0.462639937505132 
 0.710119937535082 
 0.937406698646488 
 0.678159937612674 
