 3.49953840644007 
 3.14895260934679 
 3.89990339977269 
 4.37410544406952 
 4.42757663051633 
 3.93286855559705 
 3.77095921146606 
 3.53741827400865 
 3.23898475180417 
 3.09167927628212 
 4.50116430386995 
 3.74257690663529 
 3.8999561017146 
 3.78566067453106 
 3.82994262256697 
 3.87944636706294 
 4.01522228574632 
 3.79123842002497 
 4.45526068520589 
 3.12684334732179 
 3.08110461031798 
 3.57568236382196 
 4.00231748769324 
 3.80939275662965 
 3.78372697723002 
 4.500001495813 
 3.64844077827539 
 3.17494659332918 
 3.08380721979434 
 4.85085757598181 
 3.94900729907608 
 3.80828561192766 
 3.79849140900371 
 4.45136834131255 
 6.07861805369108 
 6.65989738857556 
 6.16555856884644 
 5.82297981099715 
 7.27215716582953 
 5.19634303413411 
 5.40719314459469 
 4.5021427491729 
 8.38515125114665 
 9.21527557377484 
 7.28677956842641 
 6.61945493509055 
 6.8320249564943 
 7.55374787600186 
 6.7315789232644 
 3.23820546589933 
 3.2029849196012 
 4.39033065833729 
 3.77537634306362 
 3.58883827860787 
 2.89310640272684 
 5.31681267332128 
 3.41015029539964 
 2.9973282826337 
 2.78218267134659 
 2.73126245693898 
 3.60156431231053 
 4.51408111884793 
 3.96404202601131 
 5.83442761286278 
 2.55037123887725 
 2.29782205499826 
 2.29777399948041 
 3.52636311635671 
 2.39566073767308 
 3.05022902171523 
 4.44864623735586 
 18.7779493638687 
 17.5077161050097 
 2.10524981150755 
 4.56868808542959 
 5.63901262349574 
 4.45807094619109 
 6.0968190620757 
 5.04802692726079 
 2.64494128591972 
 4.95139095528333 
 3.04558801715229 
 3.62213141417689 
 2.03988188270973 
 3.58376509737457 
 3.75828848552161 
 3.29948402605901 
 2.77767881996776 
 2.69167329108192 
 2.14490141856751 
 2.21911333086423 
 2.1949839559189 
 3.74271949312637 
 3.68654776751455 
 3.42581517316433 
 3.31091989160703 
 5.07836958416289 
 11.2121149430732 
 12.7874278784713 
 15.7577373611765 
 21.2259074733989 
 10.2091265273669 
 4.94803399399212 
 5.31566270188897 
 4.70152546647294 
 7.93268102512513 
 5.89044698485717 
 6.23271795510474 
 5.03196820074657 
 3.30044323065811 
 3.95800852184768 
 3.08467183427727 
 3.12189955819745 
 3.35564152535655 
 4.38581608398754 
 5.24180473460283 
 5.79598735128316 
 3.70351531720176 
 3.38373871163646 
 3.48832496485926 
 3.40843269563996 
 3.47179617141001 
 5.05537753095172 
 6.2054449419294 
 7.49053651338675 
 8.26733927427235 
 7.4988790329683 
 7.74498909531713 
 4.8418079087307 
 4.17660636659648 
 7.2839801684498 
 5.27360001275014 
 4.54158250311504 
 3.91680551401147 
 3.7864312630617 
 3.86575563846441 
 4.96007296934888 
 4.56193917011328 
 6.03728286137796 
 5.64284329290109 
 4.76523185212697 
 3.22997211320186 
 3.60283039402406 
 3.43860508107667 
