 4.00348000010457 
 5.94676004505874 
 3.92375119054898 
 3.9521600508841 
 3.94788005124878 
 3.87560005148036 
 3.99008005220744 
 4.01212005355301 
 3.86020005535117 
 3.67896005733151 
 3.67828005924086 
 3.67256006090168 
 3.66896006222195 
 5.60284006317602 
 3.86348006377438 
 3.96560006403522 
 3.88572006396482 
 3.77980006362955 
 3.70992006278084 
 3.73180006159079 
 3.75492005993651 
 3.83332005778837 
 3.92444005513922 
 4.00288005201047 
 3.89124004845355 
 3.97144004454713 
 5.75296004039043 
 3.94124003609394 
 3.88920003176871 
 3.90788002751564 
 4.038080023416 
 3.94872001952385 
 4.77232001586082 
 3.88304001241916 
 3.91976000915924 
 3.95496000601826 
 3.95040000290981 
 3.98179999972158 
 4.89963999614539 
 4.93091999230245 
 4.97055998811147 
 5.42603998351263 
 4.8775599784721 
 4.53311997298426 
 4.55063996707202 
 4.01375996078529 
 3.9341199541979 
 3.9114799474035 
 3.7823599405108 
 4.63227993363857 
 4.89183992691074 
 5.35367992045198 
 6.25475991400058 
 8.68723990822904 
 7.85025445437086 
 7.05139989818558 
 8.62687989390264 
 10.2239064657363 
 9.2611598883584 
 7.76079988696607 
 9.8839998863956 
 10.6623598866498 
 5.41495988771825 
 4.07055988957846 
 6.89379989219701 
 6.91531989553055 
 6.05919989952692 
 6.20323990412628 
 4.52107990926233 
 3.81123991486351 
 3.98271992085436 
 5.17763992715676 
 4.09655993395517 
 4.31803994077802 
 2.75023994771266 
 5.1172234045027 
 2.79931996150922 
 2.69071996848353 
 5.89315997531566 
 5.82275998196513 
 3.68935998839622 
 5.70847999457734 
 2.8100000004421 
 2.83996000565278 
 2.77168001055058 
 2.80584001511785 
 2.9011600193227 
 3.85496002313399 
 3.07488002651711 
 4.03340002943422 
 3.3630800318455 
 3.53836003371113 
 4.7292000349943 
 3.28408003526414 
 4.89325188796016 
 3.55020003440267 
 3.51664003266481 
 6.74404003028858 
 5.9760400273169 
 4.80976002382754 
 4.85144001989483 
 3.74128001566201 
 6.26080001151123 
 4.64725188753017 
 4.29644000320971 
 4.3744799996635 
 4.31399999639191 
 5.4707599937933 
 4.80839999195608 
 5.27883999091693 
 4.70683999065651 
 5.13343999110037 
 5.22947999212538 
 6.9627199935719 
 6.48395999526078 
 3.90379999701372 
 6.7814799986749 
 6.73044000011853 
 5.23048000123198 
 8.28732000211336 
 9.00692000283408 
 7.18736000351626 
 4.10208000431203 
 4.13784000537714 
 4.16460000684566 
 4.10752000879951 
 4.12784001124063 
 4.22424001409289 
 5.98820001720938 
 8.58412002040024 
 7.62984002347524 
 5.98644002629148 
 4.35664002879438 
 4.37116003103446 
 4.3567200331467 
 5.35704003528588 
 4.40744003752712 
 4.37392003976222 
 4.39736004164614 
 5.67784004266482 
 4.54420004250929 
 5.45220004411664 
 4.65683404303875 
 4.75848004861403 
