 10.0313036542615 
 9.35850365823315 
 7.78762937312688 
 7.65713555612353 
 6.54358521349789 
 6.53986080922879 
 7.6426199710224 
 7.46965029320809 
 7.36192827956793 
 6.41226451299207 
 7.45755104479709 
 6.4074297986297 
 6.40626042419862 
 7.01500265865013 
 7.64515805622926 
 7.36915227732047 
 6.90032781349388 
 7.8795380997382 
 7.10665514881533 
 8.28672432856973 
 7.75005195656096 
 8.29582212028933 
 8.20219990633281 
 8.11751027837209 
 7.19135325191977 
 7.18317412199742 
 9.27736012765836 
 7.95035486036464 
 7.94589721889793 
 8.35040842484553 
 8.23062227071321 
 8.11544506655785 
 10.3149706014673 
 12.0250308544401 
 12.2153479162933 
 12.0632991091638 
 13.2419799728226 
 13.7531079135363 
 11.419023713532 
 9.10891536646772 
 8.64899798555485 
 8.65402593147339 
 12.5668385763958 
 12.5661165297943 
 16.4998085235131 
 16.4651475429257 
 10.6532369550028 
 9.34147742669191 
 9.98340060042158 
 13.8210768953576 
 13.7492469059305 
 13.6769057625556 
 13.64134406369 
 36.6226021395226 
 35.0137142854499 
 9.04792005245142 
 7.52525495860859 
 6.83993218950819 
 6.64018175520897 
 6.44676592722292 
 6.20125811246159 
 6.19608997960975 
 7.8159747180351 
 7.2818989087988 
 7.1545302010193 
 6.62823338083564 
 6.56883934725886 
 5.68202320142924 
 5.68100892884607 
 5.67994695716919 
 7.63424267516419 
 7.34574751044578 
 9.07401615195993 
 10.3827015143524 
 7.99547353174533 
 5.63203448395828 
 8.77521966550848 
 6.34981444470243 
 8.28554634332035 
 8.29182372644386 
 8.05638763447964 
 4.39366192506126 
 7.66466014257562 
 10.1721558369263 
 12.4948748875416 
 11.192920621842 
 6.86995729368673 
 5.70156949731741 
 5.40283012374879 
 5.4539519922358 
 5.63899093201397 
 7.05757782415987 
 7.22815833360038 
 7.26847780386426 
 6.77443836402989 
 6.35288514631557 
 6.38961988526133 
 7.72377486176744 
 6.40902736522953 
 7.03418279099671 
 7.57935700016493 
 7.49966963775123 
 6.97691819061903 
 6.52193564539482 
 6.53307077190701 
 7.58284069028078 
 10.7329418813111 
 8.61091595337578 
 10.3246540555136 
 12.9070163599169 
 12.0080848173331 
 11.91604547082 
 11.9263341378191 
 12.0554778626 
 12.6746600841916 
 13.2124175116039 
 11.9901145621798 
 9.76911259320858 
 9.42083423235088 
 11.9173955717755 
 22.6546205095997 
 23.1168656432968 
 22.3074594700521 
 31.2838791458884 
 24.899598335865 
 24.9166840407843 
 24.4482470848903 
 25.2075134647208 
 24.4391222942682 
 17.3021393670657 
 10.0862921779564 
 11.0322908803951 
 9.91464369292719 
 8.00639857412136 
 7.57245891342203 
 7.58558743872046 
 7.59871596401796 
 7.61184448931453 
 8.28335459186658 
 12.2279643387811 
 12.1627872628201 
 8.92250893169894 
 9.17939972106348 
 8.90826308508119 
