 0.573821893779017 
 0.597481640840441 
 0.476491959245697 
 1.44350262680767 
 0.495289428265458 
 0.448534537938426 
 0.62978029631589 
 0.740177413867975 
 0.538310884918338 
 1.51360840761779 
 0.629693477481243 
 0.44853454612995 
 0.499196533275152 
 0.495723560059726 
 0.615324051794841 
 0.515259028132404 
 1.52146600357523 
 0.49628791112328 
 0.538875234443821 
 0.585022354247787 
 0.535966613133085 
 0.673149025635535 
 1.57542729462722 
 0.496114240016592 
 0.448534510881307 
 2.31490996395583 
 2.20629274137349 
 0.49159935424702 
 0.485478234132846 
 2.21241383766474 
 0.728933598712373 
 0.610548639827504 
 0.727500984505451 
 0.692771252165238 
 1.71117703901181 
 0.652918878499792 
 2.01671178726099 
 0.896764951534561 
 0.616713119400385 
 0.698501616831621 
 3.80568334310674 
 0.788712070918013 
 2.0225724002422 
 0.728212843777105 
 0.866020335013925 
 2.06503799148053 
 1.89548737994218 
 2.95111465102492 
 3.52577861829757 
 0.742373003250681 
 0.827338941491724 
 0.84449518714161 
 4.55702457895348 
 0.856754593058443 
 0.73937685426329 
 1.60633264772228 
 3.52082410943314 
 0.63367083953159 
 4.19326662933937 
 1.6778957074514 
 0.768427618514131 
 0.643309782136906 
 0.58812914931334 
 0.499955495544079 
 4.35321521606045 
 6.6300060818755 
 3.7243406751175 
 6.49649376470326 
 6.73190074956123 
 7.36539709870018 
 2.01739267673198 
 0.49825357083489 
 1.38297572399697 
 2.10237352646905 
 0.521708350139073 
 0.466372654893138 
 0.441425398621354 
 0.349406288620269 
 1.49966939537071 
 0.540892983527598 
 0.485132888938732 
 0.521015895288866 
 0.638513794286525 
 0.486248586313998 
 1.32642873923478 
 0.350465484068603 
 0.355182858877279 
 0.69947012751618 
 0.445841757276511 
 0.818173281297017 
 0.748959756335817 
 1.64739594264731 
 0.665217483374974 
 0.714511877204485 
 0.75607890732739 
 0.746766889580464 
 0.816682058811463 
 1.78956801922536 
 4.67406494294584 
 3.06101901559618 
 2.23863874291439 
 1.71727840489993 
 1.68152649356905 
 1.60095352988284 
 4.17620610149483 
 4.90631176211697 
 5.16556916670996 
 3.3624018114461 
 3.32333086648519 
 3.0112408700683 
 0.718688266453037 
 0.750205502613989 
 0.864683362916306 
 0.623355183515098 
 0.587540155794147 
 0.673452816538881 
 1.60416605451108 
 1.51026556040318 
 0.625612624547086 
 1.83807076196365 
 0.732797243579178 
 0.904883035832051 
 0.722204680157475 
 0.722204681531227 
 0.821661934781393 
 0.829345887855737 
 1.92255080777986 
 1.94972681867758 
 2.252352966397 
 0.952549594218859 
 0.881006360325532 
 0.835944542225688 
 0.774342692229386 
 0.576426668882615 
 1.70388380195361 
 0.736443881672849 
 1.57282250127979 
 0.679053011542842 
 2.17173662221666 
 4.08165447480536 
 2.00985268973429 
 1.43164616986708 
 0.763533072594987 
 0.504102022280202 
