 3.87991067614517 
 3.75449924817442 
 3.58168143803367 
 4.87320366602905 
 4.54635821163643 
 10.3813942679922 
 4.84527699745014 
 4.62307035678109 
 3.70286938867533 
 3.58409485382359 
 4.13823236074565 
 5.00128709037863 
 11.5347484412707 
 4.13133688701068 
 4.32415157093614 
 4.74512024161338 
 4.56006296561269 
 3.50893419022097 
 11.6072371087284 
 4.64211910287376 
 4.1365084922539 
 3.36473259599283 
 3.92973047401947 
 3.49816001248021 
 11.499064364672 
 5.375452733073 
 5.41846325039834 
 29.6216622054386 
 14.2669937097633 
 12.7378362186401 
 15.2751119677882 
 3.74217358870068 
 2.81318089159139 
 4.87320366580614 
 5.31709978660002 
 4.02600852570281 
 3.69097469625867 
 12.421592555001 
 5.42647923845466 
 5.16988142259045 
 7.96047963757382 
 10.9265676587633 
 8.71967129426188 
 23.4853884764997 
 28.0608021108572 
 20.8798639218144 
 15.7378310229715 
 22.3853342233007 
 29.8994259877943 
 19.1767001785938 
 9.27220912850459 
 27.3642039296166 
 33.7988838530676 
 27.0037361167238 
 17.6927754018394 
 46.6667022612325 
 5.31300508492588 
 15.8967075193628 
 23.6702478269459 
 25.1759769035697 
 5.32418483131018 
 24.1897304529719 
 36.5499151526592 
 29.597258427343 
 26.6313074009032 
 25.0173877578672 
 39.9220077547295 
 54.5853697849831 
 53.613847774516 
 24.7405663600456 
 44.2075717696664 
 55.2439978891193 
 47.2687402931272 
 4.00398887784071 
 25.1119319410289 
 25.8128924666164 
 24.7336998112702 
 25.5255073103985 
 18.0454178937105 
 30.5890993854022 
 36.5285549616039 
 30.3906747429065 
 12.7438181507852 
 4.50626665290369 
 4.41476946352689 
 12.1239181548786 
 4.92470789314699 
 3.72421500119868 
 10.1558910101792 
 3.51659323252805 
 4.22907715561488 
 13.7069122703648 
 4.54826436688144 
 6.64225383734782 
 5.17912699692319 
 3.51706574128377 
 9.90141896605028 
 6.31478920892011 
 12.3157987351458 
 21.347972550287 
 31.47885414396 
 35.5349960105153 
 22.3378871201494 
 31.3348426513764 
 22.9874407446695 
 5.77702788375816 
 12.5389879950791 
 4.54765111265196 
 5.27865752051366 
 4.10142776917557 
 23.4939441645659 
 20.1877788628611 
 16.1633265813103 
 26.2091748535869 
 27.0478418732937 
 27.3527130362234 
 5.52070012768914 
 5.31694388818721 
 5.15464667289186 
 3.1772021805166 
 4.78040478253551 
 13.7954657909945 
 5.20698530469039 
 14.3521955131801 
 5.31781538165873 
 3.78291345223423 
 10.8054381734883 
 4.88783467538762 
 5.49472833267594 
 5.53179689527568 
 7.78153585405478 
 9.88741015902249 
 6.95219730063303 
 7.97902485868961 
 6.95892861752191 
 13.1039531435553 
 4.62102126548586 
 6.07855580913506 
 12.3439322818948 
 5.35700734040314 
 6.37202107217203 
 6.18506754090402 
 5.60145188371241 
 4.79752584123961 
