 5.92268591033317 
 8.29719134240471 
 7.79574352960146 
 17.1328540306849 
 6.4425387479687 
 6.82892017911684 
 7.04522720236304 
 14.0303660906529 
 8.01435722193024 
 9.54385623841225 
 5.91554661846257 
 5.29392111799859 
 6.17317040935311 
 5.55084129664509 
 7.14043033686644 
 15.5723857676126 
 12.6692646887279 
 6.01014695275404 
 5.863010670891 
 5.46508188767482 
 6.39168850414408 
 7.05610271822809 
 5.85431110935111 
 5.32423249564497 
 6.77046178570912 
 5.80930614523895 
 6.20999660326553 
 7.22742125343351 
 15.3892058567155 
 12.2011035154465 
 5.9366460370857 
 6.37861912110442 
 6.17507293087631 
 7.36149537499023 
 6.9472309821757 
 5.92054003602972 
 43.829409274046 
 43.2757991975873 
 43.6411792939235 
 32.7844931153225 
 23.7387572130175 
 70.7800028966144 
 44.4084843775963 
 29.6408569738315 
 25.7617026253993 
 8.33459382643541 
 20.6593026242384 
 8.56130323787198 
 6.22451929587066 
 19.2652610987284 
 22.0297997929733 
 50.5787203699287 
 68.8262352773548 
 73.1619803985701 
 55.1876670211265 
 87.7498098048535 
 59.1373979987599 
 60.0165602965793 
 66.6600214740296 
 26.0260741186684 
 40.2855975822482 
 6.70753327994296 
 5.82510278795852 
 5.09349997736626 
 16.3715024139496 
 6.12470358370275 
 4.31090780511567 
 4.18607008205416 
 12.3360580495811 
 6.07091533349773 
 5.30053537054364 
 5.73551145928239 
 12.1121958883124 
 4.83794343594816 
 4.98431009296417 
 16.308855036002 
 13.659768303157 
 27.3363208144649 
 33.589832491662 
 15.2451307491622 
 15.7107907113364 
 11.0551867806515 
 4.60531637263745 
 7.38494390271285 
 8.56660826441573 
 7.09648238615737 
 48.5843161269416 
 42.2590011968357 
 41.4566783571974 
 42.6069704018283 
 38.023571771221 
 26.7674142594199 
 21.2883062102567 
 28.5966230932045 
 20.5122705598737 
 16.1742808698824 
 7.75135808753994 
 13.8889892351654 
 7.00701943722323 
 16.8263291253279 
 6.31705672057465 
 11.4192982497756 
 20.7752098668822 
 24.9806699267167 
 32.8558121580256 
 14.1992396441087 
 15.8360420159569 
 14.559082827824 
 15.9178164336186 
 5.43512425288341 
 29.946478296328 
 28.9730888209374 
 33.0278047793009 
 14.7205434881202 
 24.9312119030693 
 5.92912940844051 
 37.0699410717769 
 33.9948828072364 
 69.3208326009466 
 44.4222586628073 
 40.1440482963354 
 42.0147872734678 
 17.7740736647088 
 15.5375733361221 
 30.120691539173 
 60.612591295285 
 86.1392839472055 
 53.3411553363609 
 36.424573950315 
 25.4972104111574 
 9.41010885164572 
 9.43760255450079 
 17.723841459505 
 9.85182371874575 
 9.61920797215712 
 8.72138295047392 
 10.4947267822943 
 9.5656471273325 
 9.41834625444121 
 18.0315461395591 
 18.7762276597295 
 9.69593961082672 
 67.7213129499817 
 88.6044229457426 
