 3.00261000007843 
 4.46007003379406 
 2.94281339291174 
 2.96412003816308 
 2.96091003843658 
 2.90670003861027 
 2.99256003915558 
 3.00909004016476 
 2.89515004151338 
 2.75922004299863 
 2.75871004443064 
 2.75442004567626 
 2.75172004666646 
 4.20213004738202 
 2.89761004783078 
 2.97420004802641 
 2.91429004797362 
 2.83485004772216 
 2.78244004708563 
 2.79885004619309 
 2.81619004495238 
 2.87499004334128 
 2.94333004135442 
 3.00216003900785 
 2.91843003634016 
 2.97858003341035 
 4.31472003029282 
 2.95593002707046 
 2.91690002382653 
 2.93091002063673 
 3.028560017562 
 2.96154001464289 
 3.57924001189562 
 2.91228000931437 
 2.93982000686943 
 2.9662200045137 
 2.96280000218236 
 2.98634999979119 
 3.67472999710904 
 3.69818999422684 
 3.7279199910836 
 4.06952998763447 
 3.65816998385407 
 3.39983997973819 
 3.41297997530402 
 3.01031997058897 
 2.95058996564842 
 2.93360996055262 
 2.8367699553831 
 3.47420995022893 
 3.66887994518305 
 4.01525994033899 
 4.69106993550043 
 6.51542993117178 
 5.88769084077815 
 5.28854992363918 
 6.47015992042698 
 7.66792984930224 
 6.9458699162688 
 5.82059991522455 
 7.4129999147967 
 7.99676991498732 
 4.06121991578869 
 3.05291991718384 
 5.17034991914776 
 5.18648992164791 
 4.54439992464519 
 4.65242992809471 
 3.39080993194675 
 2.85842993614763 
 2.98703994064077 
 3.88322994536757 
 3.07241995046638 
 3.23852995558352 
 2.06267996078449 
 3.83791755337703 
 2.09948997113192 
 2.01803997636265 
 4.41986998148674 
 4.36706998647385 
 2.76701999129717 
 4.281359995933 
 2.10750000033158 
 2.12997000423958 
 2.07876000791294 
 2.10438001133839 
 2.17587001449202 
 2.89122001735049 
 2.30616001988783 
 3.02505002207567 
 2.52231002388413 
 2.65377002528335 
 3.54690002624573 
 2.46306002644811 
 3.66993891597012 
 2.662650025802 
 2.63748002449861 
 5.05803002271643 
 4.48203002048768 
 3.60732001787066 
 3.63858001492112 
 2.80596001174651 
 4.69560000863342 
 3.48543891564763 
 3.22233000240728 
 3.28085999974762 
 3.23549999729393 
 4.10306999534497 
 3.60629999396706 
 3.9591299931877 
 3.53012999299238 
 3.85007999332527 
 3.92210999409404 
 5.22203999517893 
 4.86296999644558 
 2.92784999776029 
 5.08610999900618 
 5.04783000008889 
 3.92286000092399 
 6.21549000158502 
 6.75519000212556 
 5.3905200026372 
 3.07656000323402 
 3.10338000403286 
 3.12345000513425 
 3.08064000659963 
 3.09588000843047 
 3.16818001056967 
 4.49115001290703 
 6.43809001530018 
 5.72238001760643 
 4.48983001971861 
 3.26748002159579 
 3.27837002327585 
 3.26754002486003 
 4.01778002646441 
 3.30558002814534 
 3.28044002982167 
 3.2980200312346 
 4.25838003199862 
 3.40815003188197 
 4.08915003308748 
 3.49262553227906 
 3.56886003646052 
