 1.12459403119019 
 1.12023996149158 
 1.10691117633129 
 1.80225908707298 
 1.14289889615189 
 1.87267683291505 
 1.26466475320193 
 1.09085739468958 
 1.15883419946385 
 1.15249562145835 
 1.08691799852992 
 1.08558512002258 
 1.74965481497778 
 1.22396752930065 
 1.14266193993239 
 1.08887288703022 
 1.15916001401131 
 1.82165987424675 
 1.09384896680357 
 1.09915086136073 
 1.17328852617991 
 1.23371235217225 
 1.11502692543008 
 1.1552206174924 
 1.85669976938633 
 1.15211056759934 
 1.11834431192575 
 1.1157081744376 
 2.01110634033302 
 1.21404498921727 
 1.22559660298654 
 1.21902106898442 
 1.15403583657525 
 1.12841494960027 
 1.10279406260827 
 1.17032657397111 
 1.25962943437188 
 1.88341657871126 
 1.85515955424859 
 1.19973875985457 
 1.20039038930984 
 1.2010420187953 
 1.34674045012699 
 1.447437925476 
 1.33158706643542 
 1.27580459386461 
 3.24490153442778 
 2.28912985962788 
 1.68781500565842 
 2.41388117568469 
 3.37408970427182 
 1.17525771064919 
 1.0907857459186 
 1.24658738091493 
 1.2066632440795 
 1.12477038688721 
 1.77827114317046 
 1.04510444121982 
 1.12603042408975 
 1.86249578768087 
 1.00427578633573 
 2.17606716219689 
 4.48684773172708 
 1.24604126915191 
 2.89334468320641 
 2.88719756592865 
 1.95736571326098 
 0.873892580521528 
 1.84391128515291 
 0.808036645718944 
 0.810118894379082 
 1.65789771043803 
 3.0522751554498 
 2.02797792661502 
 1.7082402558399 
 0.751979021809559 
 2.4735595558879 
 0.734691249281204 
 4.83640770638118 
 3.10234111483136 
 3.49800706403343 
 3.45100926183509 
 1.11791748491671 
 0.710213162867858 
 0.734657687176131 
 0.856492629041146 
 0.894682039613112 
 1.52943825364924 
 1.68699434063193 
 1.01869890094032 
 0.996642204015307 
 1.06055369088119 
 1.94498519077774 
 1.06758825198227 
 1.65588376586652 
 2.85223845775616 
 2.61453434721708 
 2.63588187222339 
 2.8039052854691 
 2.47535741634428 
 4.32212653317014 
 2.15853079106562 
 4.12751008323355 
 3.36066064506025 
 3.20503967372418 
 4.30990710294547 
 3.1716880913944 
 2.89388658961787 
 2.71939798242623 
 2.37279032986671 
 1.72524832846353 
 1.2279365452804 
 1.1091030208903 
 1.11502692540748 
 1.78448737350566 
 1.19268931347852 
 1.26507942651294 
 1.26066611766695 
 1.35112413944913 
 1.27129952623361 
 1.22118329413688 
 1.96410015809711 
 3.50298245080871 
 2.10962087224748 
 1.26783404212002 
 2.1935625990732 
 1.38563088318411 
 3.64533387605231 
 1.30986414457337 
 1.34928772906364 
 2.43493208813479 
 2.34482950060264 
 2.15416863412711 
 2.27377226608854 
 1.39031076773884 
 1.33622551964551 
 2.05479513606994 
 1.27956337304072 
 1.28539841898447 
 1.26544795878449 
 1.30989376410379 
 1.40600911466506 
 1.32020135789512 
 1.29087803058636 
