 2.28230039773246 
 2.20852896951437 
 2.10687143413746 
 2.8665903917818 
 2.67432835978614 
 6.10670251058369 
 2.85016293967656 
 2.71945315104771 
 2.17815846392667 
 2.10829109048447 
 2.43425432985039 
 2.94193358257567 
 6.78514614192397 
 2.43019816882981 
 2.54361857113891 
 2.79124720094905 
 2.68238997977217 
 2.0640789354241 
 6.82778653454615 
 2.7306582958081 
 2.43324028956112 
 1.97925446823108 
 2.31160616118793 
 2.05774118381189 
 6.7641555086306 
 3.16203101945471 
 3.18733132376374 
 17.4245071796698 
 8.39234924103727 
 7.4928448344942 
 8.98535998105192 
 2.20127858158864 
 1.65481228917141 
 2.86659039165068 
 3.12770575682355 
 2.36824030923695 
 2.17116158603452 
 7.3068191500006 
 3.19204661085569 
 3.04110671917086 
 4.68263508092579 
 6.42739274044901 
 5.12921840838935 
 13.814934397941 
 16.5063541828572 
 12.2822728951849 
 9.25754766057147 
 13.1678436607652 
 17.5878976398791 
 11.2804118697611 
 5.45424066382624 
 16.0965905468333 
 19.8816963841575 
 15.8845506568964 
 10.4075149422585 
 27.4510013301368 
 3.12529710877994 
 9.35100442315461 
 13.9236751923212 
 14.8093981785705 
 3.13187343018246 
 14.2292532076305 
 21.4999500897996 
 17.4101520160842 
 15.6654749417078 
 14.7161104458043 
 23.4835339733703 
 32.1090410499901 
 31.5375575144213 
 14.5532743294386 
 26.0044539821567 
 32.4964693465408 
 27.8051413488984 
 2.35528757520042 
 14.7717246711935 
 15.1840543921273 
 14.5492351831002 
 15.0150043002344 
 10.6149517021827 
 17.9935878737661 
 21.4873852715317 
 17.8768674958274 
 7.49636361810896 
 2.65074508994335 
 2.59692321383935 
 7.1317165616933 
 2.89688699596882 
 2.19071470658746 
 5.97405353539953 
 2.06858425442827 
 2.48769244447935 
 8.06288957080284 
 2.67544962757732 
 3.90720813961637 
 3.04654529230777 
 2.06886220075516 
 5.82436409767665 
 3.71458188760007 
 7.24458749126225 
 12.5576309119336 
 18.5169730258589 
 20.9029388297149 
 13.1399336000879 
 18.4322603831626 
 13.5220239674527 
 3.39825169632834 
 7.37587529122302 
 2.67508888979527 
 3.10509265912569 
 2.41260457010328 
 13.819967155627 
 11.8751640369771 
 9.50783916547668 
 15.4171616785806 
 15.9104952195846 
 16.0898311977785 
 3.24747066334656 
 3.12761405187484 
 3.0321451017011 
 1.86894245912741 
 2.81200281325619 
 8.11497987705559 
 3.06293253217083 
 8.4424679489295 
 3.12812669509338 
 2.22524320719661 
 6.35614010205196 
 2.87519686787508 
 3.23219313686821 
 3.25399817369158 
 4.57737403179694 
 5.81612362295442 
 4.08952782390179 
 4.69354403452331 
 4.09348742207172 
 7.70820773150315 
 2.71824780322698 
 3.5756210641971 
 7.26113663640873 
 3.15118078847244 
 3.74824768951297 
 3.63827502406119 
 3.29497169630143 
 2.8220740242586 
