 0.419967816389957 
 0.402462066358788 
 1.84617579223577 
 0.473589760287157 
 0.54072342601647 
 0.452684847224498 
 0.425633096278778 
 0.427445988918993 
 0.376061825147728 
 0.369320132673996 
 0.366600794891275 
 0.462032575715255 
 0.403198558101034 
 0.364419660843565 
 1.60939507626784 
 0.305019115154625 
 0.334761879064928 
 0.36379648194677 
 0.411243271565601 
 0.495741046187109 
 0.41149821085139 
 0.373115883694554 
 0.36815875705528 
 0.366204233139141 
 0.303149575631903 
 0.287994930053332 
 0.384701400504497 
 1.59095457052854 
 0.306548750000218 
 0.286380324132008 
 0.285445551747339 
 0.256864172753104 
 2.3459392072185 
 2.68251398091637 
 2.79723606752626 
 1.32343966116054 
 0.938115082171022 
 0.316689616211899 
 0.315329946876963 
 0.960889540377067 
 0.480728036345864 
 0.684225189326165 
 0.542876247813593 
 0.427332694187639 
 0.321363477677823 
 0.966668133212627 
 0.273973341312161 
 0.27397334117754 
 1.31618809009188 
 0.579643967373665 
 0.273973340931029 
 0.344307894268536 
 0.42073263248275 
 0.39682511619458 
 0.996892445465029 
 0.371926174596047 
 0.432544758773649 
 2.7047785617668 
 3.87743657244658 
 2.99730571986332 
 2.65676524466483 
 2.16314868154699 
 1.87305759807465 
 1.8357233489551 
 1.05799258122431 
 1.221719411385 
 0.25100060017079 
 0.250150807310636 
 0.277882393574573 
 0.892566166796665 
 0.270885763393475 
 0.366714114175092 
 0.307313567479853 
 1.0771695852755 
 0.883898277707628 
 0.257657317229683 
 0.244117278681272 
 0.23853697006755 
 0.25754401233638 
 0.267939816462912 
 0.180836010132709 
 0.222985754703071 
 0.257572339443719 
 0.248366246128149 
 0.247658085106122 
 0.27918541405404 
 1.69074862905895 
 0.368272071195006 
 0.299863715614766 
 0.21394961934636 
 0.221852696085542 
 0.213411416220744 
 0.20734955734767 
 0.255731118289492 
 0.37005663415133 
 1.61256764784769 
 0.386967518134734 
 0.380764026746194 
 2.09338065750208 
 4.06515589823873 
 1.07895414543609 
 0.470332230048286 
 0.382576914393897 
 0.377364848173766 
 0.361728651564619 
 0.377364845976162 
 0.377364844883754 
 0.337112970943553 
 1.82869838123663 
 0.562194870225684 
 0.467244638553486 
 0.46325060945479 
 1.65092163292574 
 0.513756652432127 
 0.373937338273144 
 0.337112964204331 
 0.433281231402715 
 0.367422255353908 
 0.336518107778616 
 0.336518107594798 
 1.08102196011122 
 0.469794013119703 
 1.07790605172709 
 0.503927375034074 
 0.520243405436738 
 0.403765079835646 
 0.373937337767365 
 0.344222901526277 
 1.12691079735768 
 0.344222902711802 
 0.344222903356823 
 0.433876090244044 
 0.430703529510126 
 1.11781801301983 
 0.469142511469595 
 0.464100405572998 
 0.461834290868251 
 1.180731041207 
 0.398156452189453 
 0.410960003999134 
 0.260036725923253 
 0.260036726185584 
 0.260036726359907 
 0.260036726439441 
