 2.35125236682692 
 2.11570253440487 
 2.62024759672228 
 2.93885209523421 
 2.97477804862816 
 2.64239606079177 
 2.53361322020376 
 2.37670290284956 
 2.17619288011843 
 2.07722201375205 
 3.02421976666263 
 2.51454385914559 
 2.6202830058395 
 2.54349076570056 
 2.57324269953718 
 2.60650302787041 
 2.69772747323581 
 2.54723831345428 
 2.99337827287271 
 2.10084787398183 
 2.07011716005739 
 2.40241158819288 
 2.68905706204389 
 2.55943575836055 
 2.54219156282642 
 3.02343850499936 
 2.45129614790378 
 2.13316724239304 
 2.07193297579933 
 3.25916993386278 
 2.65323927906674 
 2.5586918955139 
 2.55211141542437 
 2.99076310431937 
 4.0840715048237 
 4.47461855794921 
 4.1424846634437 
 3.91231456051371 
 4.88598059579172 
 3.49129297605886 
 3.63295789402456 
 3.02487715960054 
 5.63377349686416 
 6.19151327612997 
 4.89580502253649 
 4.44744628451397 
 4.59026676764461 
 5.07517435418875 
 4.52277958906827 
 2.17566929740111 
 2.15200549285706 
 2.94975341107037 
 2.53658098049587 
 2.41125071843966 
 1.94380586433209 
 3.57223351488774 
 2.29119472972164 
 2.01382993989452 
 1.86927898231099 
 1.83506696325587 
 2.41980102233364 
 3.03289825172595 
 2.66334073622635 
 3.92000605239218 
 1.71353067612065 
 1.54384919320195 
 1.5438169059009 
 2.36927521880217 
 1.6095845581241 
 2.04937262396492 
 2.98893419072347 
 12.6164347288493 
 11.7629967580534 
 1.41446471710663 
 3.06958730739801 
 3.7887116064112 
 2.99526641697214 
 4.09630030733211 
 3.39164309175334 
 1.77706992647731 
 3.32671579808099 
 2.0462544490242 
 2.4336195439001 
 1.3705456399456 
 2.40784217479854 
 2.52510007620983 
 2.2168408300084 
 1.86625295716584 
 1.80846799244567 
 1.44110564060005 
 1.4909667691744 
 1.47475484538301 
 2.51463965944428 
 2.47689928129884 
 2.30171956946978 
 2.22452430217347 
 3.41202956435944 
 7.53313972737734 
 8.59155310584793 
 10.5872297895404 
 14.2611565836899 
 6.85925688557466 
 3.32446033971346 
 3.57146087783166 
 3.15883742278651 
 5.32977006375595 
 3.95764406795091 
 4.187607376086 
 3.3808536348766 
 2.21748529559842 
 2.65928697561641 
 2.07251388865504 
 2.09752626566391 
 2.25457164984893 
 2.94672018142913 
 3.52183755606128 
 3.89417900164338 
 2.48829935374494 
 2.27344944688075 
 2.34371833576482 
 2.2900407173831 
 2.3326130526661 
 3.39658177860819 
 4.16928332035882 
 5.03270421993172 
 5.55461857490174 
 5.03830935027558 
 5.2036645484162 
 3.25308968867844 
 2.80615740255701 
 4.89392417567721 
 3.5432000085665 
 3.05137574428042 
 2.63160370472646 
 2.54400850486958 
 2.59730456959328 
 3.33254902628128 
 3.06505287991986 
 4.05629942248832 
 3.79128533741792 
 3.20164015064781 
 2.1701375135575 
 2.42065167098492 
 2.31031278884839 
