 0.327898225016581 
 0.341418080480252 
 0.27228111956897 
 0.824858643890096 
 0.283022530437405 
 0.256305450250529 
 0.359874455037652 
 0.422958522210272 
 0.307606219953336 
 0.864919090067308 
 0.359824844274996 
 0.2563054549314 
 0.285255161871516 
 0.283270605748415 
 0.351613743882767 
 0.294433730361374 
 0.869409144900134 
 0.283593092070446 
 0.307928705396469 
 0.334298488141593 
 0.306266636076049 
 0.384656586077449 
 0.900244168358413 
 0.283493851438053 
 0.256305434789319 
 1.32280569368905 
 1.26073870935628 
 0.280913916712583 
 0.277416133790198 
 1.26423647866556 
 0.416533484978499 
 0.348884937044288 
 0.415714848288829 
 0.395869286951565 
 0.977815450863891 
 0.373096501999881 
 1.15240673557771 
 0.512437115162607 
 0.35240749680022 
 0.399143781046641 
 2.17467619606099 
 0.450692611953151 
 1.15575565728126 
 0.416121625015489 
 0.494868762865101 
 1.18002170941745 
 1.08313564568125 
 1.6863512291571 
 2.01473063902718 
 0.424213144714675 
 0.472765109423843 
 0.482568678366635 
 2.60401404511627 
 0.489574053176253 
 0.422501059579023 
 0.917904370127017 
 2.01189949110465 
 0.36209762258948 
 2.3961523596225 
 0.958797547115086 
 0.439101496293789 
 0.367605589792518 
 0.336073799607623 
 0.285688854596617 
 2.48755155203454 
 3.78857490392886 
 2.12819467149571 
 3.71228215125901 
 3.8468004283207 
 4.20879834211439 
 1.15279581527542 
 0.284716326191366 
 0.790271842283982 
 1.20135630083946 
 0.298119057222328 
 0.266498659938936 
 0.252243084926488 
 0.199660736354439 
 0.856953940211836 
 0.309081704872914 
 0.277218793679276 
 0.297723368736495 
 0.364865025306586 
 0.277856335036571 
 0.75795927956273 
 0.200265990896345 
 0.20296163364416 
 0.399697215723532 
 0.254766718443721 
 0.467527589312581 
 0.427977003620467 
 0.941369110084179 
 0.380124276214271 
 0.408292501259706 
 0.432045089901366 
 0.426723936903123 
 0.466675462177979 
 1.02261029670021 
 2.67089425311191 
 1.74915372319782 
 1.27922213880822 
 0.981301945657106 
 0.960872282039457 
 0.91483058850448 
 2.38640348656848 
 2.8036067212097 
 2.95175380954855 
 1.92137246368348 
 1.89904620942011 
 1.72070906861046 
 0.410679009401736 
 0.428688858636565 
 0.494104778809318 
 0.356202962008628 
 0.33573723188237 
 0.384830180879361 
 0.916666316863475 
 0.863008891658961 
 0.357492928312621 
 1.05032614969352 
 0.418741282045245 
 0.517076020475458 
 0.412688388661415 
 0.412688389446416 
 0.469521105589368 
 0.473911935917564 
 1.09860046158849 
 1.1141296106729 
 1.28705883794115 
 0.544314053839349 
 0.503432205900305 
 0.477682595557536 
 0.442481538416792 
 0.329386667932923 
 0.973647886830636 
 0.420825075241628 
 0.898755715017024 
 0.388030292310196 
 1.24099235555238 
 2.33237398560307 
 1.14848725127674 
 0.818083525638333 
 0.436304612911421 
 0.28805829844583 
