 3.92978906043233 
 3.66621792796764 
 3.05082387813219 
 2.99970258899685 
 2.56346637229815 
 2.56200732732675 
 2.99401607112219 
 2.92625475404029 
 2.8840543775627 
 2.51202114941958 
 2.92151484229165 
 2.51012713760752 
 2.50966903216029 
 2.74814537142996 
 2.99501037254343 
 2.88688439730081 
 2.70322120528627 
 3.08682935866033 
 2.78405047066993 
 3.24634561325413 
 3.03610282834348 
 3.2499096966082 
 3.21323295299637 
 3.18005557297052 
 2.81723117085518 
 2.81402697562786 
 3.63442974073215 
 3.11457200715317 
 3.11282571461982 
 3.27129402210444 
 3.22436748749591 
 3.17924652091958 
 4.0409163181006 
 4.71083682957447 
 4.78539402906338 
 4.72582851699203 
 5.18757978316763 
 5.38781547128229 
 4.47343197024966 
 3.56844107139973 
 3.38826725207304 
 3.39023696284526 
 4.9230914010623 
 4.92280853744519 
 6.46384251436598 
 6.45026398588845 
 4.17343303391865 
 3.65954785787932 
 3.91102291562908 
 5.41444249508857 
 5.38630291160166 
 5.35796308223828 
 5.34403169505384 
 14.3469987763079 
 13.7167128128567 
 3.54454599992943 
 2.94803802502193 
 2.67956106393105 
 2.60130831647363 
 2.52553716736569 
 2.42935884818084 
 2.4273342188162 
 3.061928240055 
 2.85270266530263 
 2.80280564576015 
 2.59662751001809 
 2.57335974428698 
 2.2259472335496 
 2.22554988965104 
 2.22513385950959 
 2.99073424387876 
 2.87771551955609 
 3.55476921416988 
 4.06745007778753 
 3.13224736295179 
 2.20636402464346 
 3.43771492050849 
 2.48755617421333 
 3.24588413449664 
 3.2483433155141 
 3.15611061969306 
 1.72122838301369 
 3.00265036513272 
 3.98496826601237 
 4.89489944048021 
 4.3848555013402 
 2.69132347587728 
 2.23360454534085 
 2.1165726257985 
 2.13659974953568 
 2.20908923109826 
 2.7648243022482 
 2.83164965646201 
 2.84744491285405 
 2.65390368900141 
 2.48875912948446 
 2.50315005814362 
 3.02580870873365 
 2.51075298844044 
 2.75565923771006 
 2.96923263923988 
 2.93801490963451 
 2.73322568292293 
 2.55498509819592 
 2.55934731270585 
 2.97059738382135 
 4.20465764422498 
 3.37334851781733 
 4.0447098361806 
 5.05635692450356 
 4.70419817586248 
 4.66814152465113 
 4.67217213646521 
 4.72276452349282 
 4.96533075463179 
 5.17599861279328 
 4.69715828209108 
 3.82707503651471 
 3.69063609102406 
 4.66867043018012 
 8.87500597283288 
 9.05609169531216 
 8.73900474084519 
 12.2555402839563 
 9.75448182229767 
 9.7611751912351 
 9.5776638064519 
 9.8751083676226 
 9.57408914620819 
 6.77815769019071 
 3.95133095631284 
 4.32192838613416 
 3.88408721990963 
 3.13652727645992 
 2.96653029597977 
 2.97167342960184 
 2.97681656322354 
 2.98195969684488 
 3.24502551021578 
 4.79033654508952 
 4.76480325759964 
 3.49541587015011 
 3.59605349897333 
 3.48983502302151 
