 1.68756848908658 
 1.69287114037204 
 2.19290202471037 
 2.67299721780862 
 1.71773577180387 
 1.61243036525707 
 2.15235466036139 
 2.09194714870566 
 1.69537260854261 
 2.04047271477395 
 1.86893222942414 
 5.94505809728652 
 1.550037371146 
 2.07344110745381 
 2.23063838689278 
 1.8137221339037 
 2.31191945243263 
 2.03659281838227 
 2.17186261283404 
 1.81376179558297 
 1.96187031197673 
 2.21095718921207 
 1.94418198811511 
 1.77850141125711 
 6.45943512004955 
 1.74034647510443 
 1.73943033866866 
 2.16320485908738 
 2.19235140026342 
 1.92278078248777 
 2.37706591249534 
 1.78787243838558 
 1.78913261743312 
 2.29494993299746 
 1.99304405727656 
 1.69562052051171 
 6.34111065691061 
 2.14816072297767 
 2.84202782680956 
 2.29006712584175 
 5.36753649289281 
 23.2276357585097 
 15.5249034987146 
 12.4853513150454 
 4.87397376019386 
 11.7151812630076 
 12.4085344287914 
 18.8848663355309 
 15.51025274871 
 3.74523899373918 
 12.6782534108976 
 15.10145742162 
 18.5492007302697 
 18.6858164874696 
 17.9558383687538 
 13.4013552208636 
 4.4203289226408 
 18.448501843401 
 13.6810570867155 
 1.82353839862152 
 2.23067780460212 
 2.45682733697337 
 1.79334315595504 
 1.97402496821245 
 18.9698072497716 
 19.0436722842845 
 18.8915866765229 
 14.4900138520662 
 3.46431673102886 
 3.80197167868967 
 3.08435268500389 
 3.8485075652934 
 3.52304804955854 
 7.04654392682768 
 3.03658350275477 
 2.63340114342567 
 2.17712206738605 
 2.42015595722231 
 6.3344298816913 
 1.99334757118089 
 2.1729588443909 
 2.44002399011324 
 2.71507314526512 
 1.96695981648274 
 6.30812270552632 
 2.30111941687581 
 1.87698529097353 
 7.02358990541782 
 2.30835840784352 
 2.2602669361358 
 2.0260808701949 
 2.17108241199677 
 2.31476398289104 
 5.94993867189293 
 1.73748237257692 
 2.67172001069591 
 2.01503089203598 
 1.89494369416497 
 1.80170302962355 
 6.7630351440097 
 2.06924917102767 
 1.79655643621258 
 2.53907031553741 
 2.40106949352512 
 2.40566477940749 
 7.75395563958267 
 2.57070702353068 
 3.01342948898952 
 10.8044933379129 
 8.43233546587942 
 3.8034745912847 
 10.2104425943163 
 8.70454750337044 
 8.12774154594453 
 9.20651962545458 
 5.1204009444395 
 4.24841119248626 
 4.5838115170814 
 6.31422938231489 
 11.076364726292 
 4.48685753134882 
 4.8146999600326 
 4.02461227018471 
 5.25759274956427 
 3.48238103717055 
 3.14327627937966 
 3.26433037904607 
 11.9482267491265 
 7.49864772221044 
 8.4702101127746 
 7.75842650003467 
 6.19104632258005 
 8.5075099424861 
 4.09478364928742 
 6.46881502818312 
 6.45227281603539 
 5.27577431734076 
 3.9451585811171 
 8.53275972211646 
 4.37161560657379 
 3.11434340886914 
 3.49717752513556 
 3.99051161404167 
 3.54484550402345 
