 1.05386280416201 
 1.62066153523541 
 1.10987595891167 
 1.07866140773602 
 1.05171732827307 
 1.05104372561136 
 1.10642877744332 
 1.07541813484753 
 1.04760086397834 
 1.60761360495061 
 1.10211272152625 
 1.07030373327243 
 1.04298542449687 
 1.07175071883977 
 1.63380921142032 
 1.04695217287315 
 1.04824947340676 
 1.07689002529514 
 1.07866134169487 
 1.05713102111735 
 1.25701617773106 
 1.16246241542877 
 1.66836246607937 
 1.14055787629911 
 1.08150543424911 
 1.10879878938333 
 1.69143957165446 
 1.07359684779796 
 1.07097728446242 
 1.12359308517364 
 1.11191731716375 
 1.14055787629911 
 1.16316096565158 
 3.05346281680777 
 2.92430587025396 
 2.01883509215391 
 3.60953374238974 
 2.8965883953416 
 2.01743799170828 
 1.95282209609802 
 2.09283151932768 
 1.72255000479192 
 1.108150135605 
 1.10747653360443 
 1.18012575677706 
 2.2530739507967 
 1.28465880797669 
 2.89052597733647 
 1.17575981788447 
 1.16800092076679 
 1.15739792631337 
 1.17353943159822 
 1.82291671365787 
 2.23329002630039 
 1.2835361583017 
 1.12421681521734 
 2.18077403092965 
 3.17251576477487 
 3.66788766837318 
 2.78190145408059 
 1.94583663199991 
 2.48369535659414 
 0.898560160693874 
 1.40181570010533 
 2.98260990599339 
 1.93890102791268 
 4.93059204552613 
 7.92240780388515 
 7.91412499247299 
 4.60110086949936 
 1.04128893179871 
 4.46136587195734 
 4.31302373973268 
 2.69031651736542 
 3.36042576362491 
 2.78357296553895 
 2.79527367824402 
 2.59962971576127 
 0.722275988205817 
 1.47132140903525 
 0.660404391003648 
 0.685527250802699 
 0.687872383693574 
 0.664545795896044 
 0.702367300816959 
 0.730733429507644 
 1.44255610655483 
 1.55494784776111 
 0.895641178536171 
 2.41309184826553 
 2.17438725784118 
 1.96769123655505 
 2.49167874833207 
 2.47044781120299 
 2.88299161421898 
 2.72157661630452 
 0.903125645209175 
 1.47104697635673 
 0.868647202068869 
 0.913678743218111 
 0.952897348584653 
 2.15058665382103 
 3.26200500653991 
 2.49996155811686 
 3.33682472504771 
 3.87850052639527 
 1.90599428294725 
 1.98161234456684 
 2.54130076237409 
 1.03555080887686 
 1.09674879803979 
 1.04797502355405 
 3.14876502577736 
 3.74153478627929 
 3.10014094062507 
 3.10475636174009 
 3.303843175242 
 3.77064936163728 
 3.15330560222565 
 3.2374809040747 
 3.26435013943079 
 4.02384886918501 
 2.8725882055435 
 1.21660005769683 
 1.16969739987934 
 1.17678269499645 
 1.21093681124759 
 2.33240929753055 
 1.19259986789873 
 1.25502031995159 
 1.20492428968695 
 1.77212212238945 
 1.93538328874992 
 1.27919514912903 
 1.27213480560416 
 1.31833891642034 
 1.91437689705932 
 1.37776558760351 
 1.33410620116128 
 1.34066758576014 
 2.01683925499857 
 1.96721724233052 
 1.34026841830186 
 1.31072972366834 
