 1.40511000000421 
 0.738779881929228 
 0.679329334297392 
 0.587129884065143 
 0.583889885102407 
 0.68501988640308 
 0.695474094667116 
 0.607499905016724 
 0.57173990892119 
 0.557579912520125 
 0.52091991592729 
 0.487919919231308 
 0.522419922496361 
 1.29977992576506 
 0.517799929063148 
 0.474089932404723 
 0.465089935796643 
 0.438149939241383 
 0.3446399427383 
 0.344639946283775 
 0.344639949870895 
 0.447719953489258 
 0.674639957125254 
 0.585119960762915 
 0.324479964385193 
 1.1007599679754 
 0.4295699715184 
 0.360389975000734 
 0.42575997841417 
 0.450599981752698 
 1.9710599850122 
 1.25753998818933 
 3.5681699912818 
 2.57159999428687 
 1.3625999972008 
 0.972060000017436 
 0.54681000254576 
 1.1050500049722 
 0.384180007290372 
 0.496560009494763 
 0.534750011581635 
 0.517200013549753 
 0.493770015400971 
 0.473987996364309 
 0.889625970208326 
 2.2026839369453 
 1.54408189659071 
 1.08761984916293 
 1.05040779468296 
 0.565621596797271 
 0.572445443524227 
 0.535499334891709 
 0.50359327049038 
 1.36334725099361 
 0.575581021075853 
 0.544818195839595 
 0.508195261410604 
 1.4607024733265 
 0.391479831601444 
 0.387017336248657 
 1.13789498727916 
 0.359433147164066 
 0.392831407915382 
 0.419989769529353 
 0.513178231994853 
 1.0468267952925 
 0.4147354593941 
 0.388697618796985 
 0.322369724661833 
 0.463971776934813 
 1.91417377555535 
 1.10717572045781 
 0.460197611573459 
 0.604244500888938 
 0.513691357188227 
 0.477528180407656 
 4.78866497049046 
 6.54848172738834 
 6.44406845105994 
 3.29664973417513 
 3.68410103391245 
 5.10757235027021 
 1.23151368325909 
 1.08739503290141 
 2.67985639922982 
 3.81704969288594 
 3.87814298657462 
 3.07100628034895 
 0.71328957426477 
 2.09390286837881 
 0.424116162746859 
 0.438556107406369 
 0.405596052105811 
 0.450695996890185 
 0.48967594179909 
 0.453625886866179 
 1.00941583211875 
 0.327694820755091 
 2.60919382667132 
 1.87275284987358 
 1.09890189036014 
 1.80744094812095 
 1.28934002313712 
 0.385260019534149 
 1.18614001593986 
 1.14381001230652 
 1.1887800085762 
 0.31143000813494 
 0.287574820069424 
 0.384540000365454 
 0.310799998014199 
 0.320669991696059 
 0.38404424721458 
 0.40499998887064 
 1.77340006768255 
 1.18370997581673 
 0.467729972557719 
 0.356519968991007 
 0.39158996517534 
 2.86274996116197 
 2.09099995699528 
 3.23237995432966 
 3.75893994992257 
 2.66993994563884 
 1.15608203054901 
 1.21322993661443 
 1.22471993337802 
 0.651809930283636 
 0.731369927392572 
 0.60878992476129 
 0.543839922442358 
 1.30259992048645 
 0.446699918945873 
 0.479639917879558 
 0.474569917359109 
 0.533759917474943 
 0.495899918341713 
 0.384209920102866 
 1.13129992293557 
 0.380424743225747 
 0.346979953128849 
 0.532589953151311 
 0.703055023984866 
 0.508619953209506 
