 1.56184830674649 
 1.51431158358157 
 1.78881291539262 
 1.71121718851533 
 1.41327684403388 
 2.19257806568781 
 1.61649711676657 
 1.02235738848988 
 0.89337875364351 
 1.06201587528707 
 1.32065181247442 
 0.957735269885124 
 4.26088968700734 
 1.22318744133517 
 1.30961575848402 
 0.919935596228152 
 0.916719211590849 
 1.29869776686721 
 1.71059724561274 
 0.909460227147864 
 1.31539913816486 
 1.04696659188026 
 0.797832156249234 
 0.990931248983088 
 4.46246590394404 
 0.811199177853673 
 0.950062921491493 
 1.22445603033863 
 0.874611449736504 
 0.781425788130945 
 1.85503789206743 
 0.973344570302572 
 2.0066785154149 
 3.50148507812873 
 3.66008954592477 
 3.30024181690423 
 1.0381437013335 
 4.43098103014787 
 0.75386546075776 
 0.783992924291198 
 1.15977485491826 
 0.854959177577611 
 2.0593204057202 
 1.0390141291063 
 2.36664417008603 
 1.83386588920824 
 2.87515213913294 
 1.37982646026431 
 1.16396464549028 
 6.86126816011062 
 3.45013089071886 
 3.27750516900856 
 3.61799078251325 
 3.60211064507494 
 3.24187443518628 
 3.56484590966237 
 2.98470157447955 
 0.888210152589445 
 3.30968898445979 
 3.31238342107487 
 3.51062628429098 
 2.3072709973967 
 4.16720996283717 
 1.07184374671515 
 0.776326068294455 
 0.815633617100736 
 1.05577143453951 
 0.937322364804111 
 0.742507020571221 
 1.89345423483518 
 4.66594398629641 
 1.63820177671351 
 0.928858511015079 
 1.02912467499426 
 4.10165333819148 
 0.763669569668951 
 0.814923142961698 
 1.22561129195313 
 1.47807853127915 
 10.2128266785925 
 4.59037355100505 
 3.36638389452713 
 2.30533637794666 
 0.93720111888999 
 1.31578060792356 
 0.810711796366618 
 1.11094058836288 
 4.0416724816444 
 4.73084369897477 
 1.23132247764626 
 2.4444343442888 
 2.97687071871471 
 5.81610953407147 
 9.55338899447318 
 9.2807933352924 
 11.4090119490705 
 9.2547328455161 
 3.32927594509111 
 2.88734364932757 
 4.56312779412362 
 3.42994562355228 
 5.31662210889106 
 15.7142063274796 
 11.6076081062629 
 5.25637347927422 
 14.0355956044494 
 3.45902331735157 
 3.07453657901407 
 3.28920589182858 
 3.88160466077179 
 2.17115503415457 
 2.47080683302704 
 1.54674030314498 
 2.06714001701726 
 1.56114011818035 
 1.74624260341692 
 2.61052631778662 
 1.6421095512188 
 6.16550906511207 
 2.72876411424952 
 1.72721008007373 
 5.88483080111422 
 1.84243808234037 
 2.00098354455798 
 1.6012117630342 
 2.49016401434911 
 1.94090567995941 
 1.60245113358077 
 1.42676166391759 
 5.01432105570672 
 1.72136768915392 
 1.43829932774744 
 1.49061673075569 
 2.39200277891615 
 1.3360257945081 
 4.94099477963945 
 1.6144319961125 
 1.50053186666467 
 3.09554695988221 
 5.44165381029657 
 1.48542389376868 
 1.02672786751923 
 1.15602823573139 
 1.18229018691234 
