 1.44291384719231 
 0.628922880790835 
 1.05062909440285 
 0.539922951069667 
 0.585866426971447 
 0.760108179452949 
 0.563815549490821 
 0.722875546662594 
 1.28801016663023 
 0.575239198113261 
 0.543158406929413 
 0.586115308061234 
 1.14378349100329 
 1.18985140757611 
 0.556846874845365 
 0.738679505031104 
 0.592536443923861 
 0.531684982001166 
 0.521854173223428 
 0.447214690888932 
 0.472127702496273 
 0.517249870373579 
 1.16857206198817 
 0.598982467895503 
 0.534397787448035 
 1.06025894857174 
 0.526483364174792 
 0.54701606604817 
 0.520584878904565 
 0.573671246297604 
 0.668967871122496 
 1.53840957696581 
 1.24960779203908 
 2.19794484933248 
 1.42489484574832 
 2.18761627808738 
 0.611501193995847 
 1.34886162850388 
 0.664662225764624 
 0.568419852242805 
 0.575463191182207 
 0.526284259165304 
 3.26153880646146 
 4.5358007564193 
 5.22466914804728 
 5.24128443037938 
 5.06909840212055 
 4.98207952659739 
 4.73027637964166 
 6.04808907915529 
 5.98625357834861 
 4.19865074390222 
 2.73598728664731 
 2.78729330609643 
 4.08098959876311 
 3.77479675427831 
 3.53460733444782 
 3.51870980461469 
 3.47441504699828 
 3.12200544170399 
 3.90036296255773 
 3.23944072268122 
 3.24688912250699 
 2.53564282256431 
 3.67072292835889 
 3.72998865286944 
 3.75309201729522 
 3.97083999897623 
 3.5665341776929 
 2.74627310405114 
 3.67104276419489 
 3.72861060521905 
 4.27590200599014 
 3.28643888934711 
 2.63641921139185 
 3.42755759805944 
 2.51231078321886 
 2.47474361602886 
 2.44566327181767 
 2.49778006627334 
 2.58381938745237 
 2.63231351127511 
 2.76916344183581 
 2.63598821441319 
 2.50328587551987 
 2.57037039912538 
 2.610227315956 
 3.19237155574013 
 2.69317660665751 
 3.94812148929811 
 4.76630469323244 
 4.14908748441804 
 2.59361290840372 
 3.23513743315802 
 2.55796473511121 
 2.92362929931086 
 2.38794558343283 
 4.29930285514601 
 2.64959276839283 
 2.61532101504708 
 1.38935614716192 
 6.1708616522761 
 2.70367151661297 
 1.50570658021837 
 1.54983322246962 
 1.18046858094466 
 1.78094433516658 
 1.39371002043852 
 1.13990093533209 
 0.582705624448247 
 0.599903314866449 
 0.596842071978406 
 0.723049752744866 
 1.33766196235035 
 1.14826334277082 
 0.676281374094899 
 0.669764273259235 
 0.626583381253978 
 1.39542729330751 
 0.72825136754126 
 1.40458612297484 
 0.732407682777193 
 0.596568302815934 
 1.54393472032489 
 1.39759256249388 
 1.83256229676496 
 1.66737982132287 
 1.38096390909674 
 2.28000097408677 
 2.04460910609341 
 2.12442532120602 
 0.652964798804138 
 0.659609929689557 
 1.39468065834108 
 0.854434163024 
 0.928003456977157 
 0.838455989405728 
 0.756947385561817 
 0.690894306276966 
 1.24129515750582 
 0.602566356638617 
 0.504780919665065 
 0.616961548020131 
 0.583950040536888 
