 3.28528223898546 
 3.22570320716369 
 2.95930125500378 
 3.25797181886415 
 3.16298147796562 
 3.77554387095065 
 3.28088245420938 
 3.15444655954046 
 2.92827120304264 
 3.0180532593057 
 2.97663574491088 
 3.9155430101691 
 3.1219940187008 
 3.08861520715192 
 3.03446147618945 
 3.15381801954584 
 3.10280699134671 
 2.86650882367692 
 3.87541565808285 
 3.95206452474868 
 3.11451769436742 
 3.25160569757859 
 3.279790779325 
 2.99939552953134 
 3.11431920789453 
 3.13764137060057 
 3.20287726401351 
 4.10790950137801 
 3.19735272333052 
 3.1579200737531 
 3.80065241309172 
 3.10452720761851 
 3.00237282683641 
 4.47362086120602 
 3.15722537095007 
 3.16681888465451 
 5.98579019374798 
 5.8575017582628 
 5.76484164792005 
 5.72626910639046 
 3.02308158363358 
 3.26364721073705 
 3.1768755328535 
 5.10451017227773 
 4.22964788126761 
 2.90739703918074 
 3.17555228822328 
 7.61258547242301 
 5.69636380525302 
 5.9224730011181 
 4.00023057784447 
 3.00981824603834 
 4.45665026307074 
 5.87619256744674 
 5.99151321958144 
 5.56976250772274 
 5.74926045851919 
 5.73142975605246 
 5.49989526476752 
 2.96826623253036 
 2.64751206292673 
 2.52898254670556 
 2.70510622656771 
 3.22351986038325 
 2.49553757317903 
 2.57281498047928 
 3.87021997126524 
 2.35140329172733 
 5.95327147409312 
 4.68302408216814 
 6.98387947484363 
 6.64982669552525 
 6.23786800234205 
 5.49685176923295 
 5.17743006278344 
 5.49767877801843 
 6.23059016079599 
 4.57269867463235 
 1.85207743234816 
 2.38355810297569 
 2.43321281486096 
 3.05973542399624 
 3.13370472292606 
 4.81465729627734 
 2.9895373684642 
 5.67578737693137 
 3.03436223389605 
 2.40162038110163 
 2.67566406305214 
 2.63265865653859 
 3.25537694128382 
 2.8394815801474 
 2.83332849887246 
 2.63341952118733 
 3.81027900812463 
 4.62255189195182 
 2.76230341601746 
 5.230912987219 
 5.03702476645887 
 6.35702609460153 
 3.99235728256396 
 4.50349307828964 
 3.2346351026764 
 3.43580116142517 
 4.73489524583928 
 3.46835294595926 
 3.44678408058653 
 3.51354170376564 
 3.64523749062541 
 4.15574474579969 
 3.55724181288934 
 3.70389024874829 
 4.04575014862988 
 4.54431513325558 
 3.34724310527328 
 4.33669826353557 
 4.86563168130346 
 3.76793522321131 
 3.44360829670974 
 3.50381586568272 
 4.30563512766589 
 4.24777631549968 
 10.2668129967298 
 10.4616605688472 
 8.41635652103286 
 8.35383327632067 
 7.17412881630344 
 3.70322862705191 
 5.71445916054164 
 5.17576682361534 
 6.51773399010563 
 7.75999477588338 
 8.80340517863028 
 7.85139780499942 
 4.12818820442317 
 3.67937716686237 
 4.83119427481229 
 3.79631879109356 
 3.39236570048205 
 3.56564440712309 
 3.57335229905281 
 4.53736810518929 
 3.41275739779414 
 4.46564831953985 
