 3.44224480258681 
 4.8222992417395 
 4.53085948728975 
 9.95755618877418 
 3.74438149454592 
 3.96894506136706 
 4.09466196376656 
 8.15440080482395 
 4.657917017874 
 5.54685661719688 
 3.43809547055945 
 3.07680885490517 
 3.58782553705993 
 3.22612998437493 
 4.14999370005914 
 9.05061736921079 
 7.36333332336326 
 3.49307686142971 
 3.40756175744093 
 3.17628690907597 
 3.71482750668204 
 4.10098277640608 
 3.40250560201604 
 3.09442572396461 
 3.93496924297625 
 3.37634887073718 
 3.60922879506032 
 4.20055252336308 
 8.94415383125346 
 7.09123965000309 
 3.45035838052845 
 3.70723162594104 
 3.58893127606488 
 4.27847594443878 
 4.03770689562349 
 3.44099762777797 
 25.4735028259413 
 25.1517465421876 
 25.3641042050154 
 19.0542353148884 
 13.7968845340615 
 41.1370957005965 
 25.8100592963808 
 17.2271647369277 
 14.9726134916851 
 4.84403743758641 
 12.0071160551129 
 4.97580017243843 
 3.61766933435219 
 11.1969038864405 
 12.8036443241213 
 29.3961793603005 
 40.0015726398302 
 42.5214928812203 
 32.0748833968941 
 50.9998894592313 
 34.3704535377409 
 34.8814196595505 
 38.7425765831968 
 15.1262652997389 
 23.413851586264 
 3.89839541056515 
 3.38552982548018 
 2.96032477317014 
 9.51506123203912 
 3.5596567836905 
 2.50548487818689 
 2.43292962033918 
 7.16967476385913 
 3.52839523656279 
 3.08065303587152 
 3.33345965154875 
 7.03956684107049 
 2.81179618499552 
 2.8968639856544 
 9.47865079015503 
 7.93901063773229 
 15.88777619986 
 19.5222958071199 
 8.86041787130795 
 9.13105784932375 
 6.4252367614043 
 2.67659413110553 
 4.29210414858526 
 4.97888343572881 
 4.12445130135643 
 28.2370384327525 
 24.5607870203832 
 24.0944797289695 
 24.7630255326866 
 22.0991699183166 
 15.5571296550475 
 12.3726907888671 
 16.6202595755377 
 11.9216615219779 
 9.40043674488892 
 4.5050628201087 
 8.0722330597543 
 4.07245574129215 
 9.77940496172909 
 3.67145176922288 
 6.6368571024337 
 12.0744809482735 
 14.518679957408 
 19.0956856986816 
 8.25254953674698 
 9.20385347935958 
 8.4616891648892 
 9.25138049133393 
 3.15887563415447 
 17.4047908047035 
 16.8390601694337 
 19.1956472221578 
 8.55552954865109 
 14.4899351231515 
 3.44598974165774 
 21.5449230160755 
 19.7577096657443 
 40.2890309133708 
 25.8180648638539 
 23.3315836252207 
 24.4188507230412 
 10.330230847865 
 9.03038450304533 
 17.5060429458442 
 35.2278308382854 
 50.0638573368375 
 31.0016971185688 
 21.1698378514652 
 14.8188915210146 
 5.46912309326419 
 5.48510233936799 
 10.3010360619346 
 5.72584626388644 
 5.59065078723663 
 5.06883795412161 
 6.09949932646165 
 5.55952140733856 
 5.47391064360687 
 10.4798729700002 
 10.9126793236035 
 5.63524695330102 
 39.3593955606732 
 51.4965876949616 
