 1.04902416376901 
 1.72068899103751 
 1.89455009419305 
 0.923299338254896 
 1.22677825450352 
 1.23046631987942 
 1.22429263824945 
 1.07905833830142 
 2.13181066744607 
 5.27658188821292 
 0.921343833726115 
 0.985397727826091 
 1.34918898143287 
 2.52463849290447 
 1.80663758018492 
 2.08307657858614 
 2.49980473207623 
 1.80095990624655 
 1.48705530430716 
 1.25699212639786 
 1.36026931578531 
 5.18819945353162 
 2.09411174743451 
 2.15860597632016 
 2.34618941946757 
 1.68718987396166 
 1.68939233270834 
 9.56080533150755 
 1.72378089416904 
 6.86989795577327 
 1.19003968546016 
 8.62069552782013 
 11.9187473945118 
 9.71978749508007 
 5.99451444494204 
 1.21791920179701 
 13.7999274267126 
 16.2806162153185 
 15.63466579964 
 15.6848485653363 
 2.61697974481988 
 1.0961892335822 
 2.52668470860735 
 4.2401591940512 
 5.06073033749056 
 4.67361909522876 
 4.8809021229085 
 4.44220649190531 
 7.44528419842726 
 5.60284597059082 
 5.58988151128379 
 3.85214046645692 
 7.69963571931722 
 9.90091632826465 
 11.7070218789462 
 10.8569885964752 
 10.1128909053944 
 10.2097316331931 
 9.87848744407471 
 4.40791140715411 
 4.66705445924183 
 5.21565078075912 
 4.84893092255081 
 7.98044246211502 
 4.85674996220386 
 5.72002649769061 
 5.74591791096267 
 9.50202805499554 
 5.3983908304616 
 4.97159193045121 
 4.35157570304799 
 4.14117058843537 
 3.73419448623131 
 3.55332055329993 
 3.60119263932597 
 3.65311561757185 
 4.85175734953504 
 7.28208826014801 
 14.1978213114181 
 8.15108596993117 
 19.0481630235088 
 8.74155078801034 
 4.30835700719829 
 4.6061462482245 
 11.7065166138017 
 11.6052353130577 
 18.2293345468257 
 18.2033943510685 
 18.2455566695501 
 10.8861611841395 
 14.338064605608 
 11.408762674296 
 16.7741983242187 
 19.0988841058229 
 18.19681901129 
 10.0937183348052 
 10.9313682713889 
 18.2085984499757 
 8.68083056665916 
 17.7095582803607 
 16.5566760732806 
 10.4558890203559 
 14.3001346580171 
 1.91537217173861 
 7.31160669769493 
 13.3628354372056 
 8.78117326904058 
 7.6497285375917 
 5.99292155993877 
 1.09033750402606 
 11.4791750362103 
 16.0237477322915 
 4.37290521413434 
 2.15899244932639 
 1.4804244516001 
 0.966517772268613 
 1.10860000314538 
 1.23952550830276 
 2.24705089345495 
 1.33505497327274 
 1.41149182685665 
 1.65000004462448 
 1.07921398684863 
 0.858403790248199 
 4.61891766214647 
 0.818558342034664 
 0.891475514300142 
 1.75439512384128 
 1.34910049792894 
 1.80307298162081 
 1.30158480066688 
 1.23172244695759 
 1.22674176616427 
 1.70208396063051 
 0.927289203377984 
 1.01358780546516 
 5.43561862692404 
 1.26721551836694 
 0.918224143678663 
 0.953993025355884 
 1.27175887901995 
 1.1937373396515 
 1.24560194735049 
 1.67902081984421 
