 0 
 0 
 0 
 0 
 0 
 0 
 0 
 0 
 0 
 0 
 0 
 0 
 0 
 0 
 0 
 0 
 0 
 0 
 0 
 0 
 0 
 0 
 0 
 0 
 0 
 0 
 0 
 0 
 0 
 0 
 0 
 0 
 0 
 0 
 0 
 0 
 0 
 0 
 0 
 0 
 0 
 0 
 0 
 0 
 0 
 0 
 0 
 0 
 0 
 0 
 0 
 0 
 0 
 0 
 0 
 0 
 0 
 0 
 0 
 0 
 0 
 0 
 0 
 0 
 0 
 0 
 0 
 0 
 0 
 0 
 0 
 0 
 0 
 0 
 0 
 0 
 0 
 0 
 0 
 0 
 0 
 0 
 0 
 0 
 0 
 0 
 0 
 0 
 0 
 0 
 0 
 0 
 0 
 0 
 0 
 0 
 0 
 0 
 0 
 0 
 0 
 0 
 0 
 0 
 0 
 0 
 0 
 0 
 0 
 0 
 0 
 0 
 0 
 0 
 0 
 0 
 0 
 0 
 0 
 0 
 0 
 0 
 0 
 0 
 0 
 0 
 0 
 0 
 0 
 0 
 0 
 0 
 0 
 0 
 0 
 0 
 0 
 0 
 0 
 0 
 0 
 0 
 0 
 0 
 0 
 0 
 0 
 0 
 0 
 0 
 0 
 0 
 0 
 0 
 0 
 0 
 0 
 0 
 0 
 0 
 0 
 0 
 0 
 0 
 0 
 0 
 0 
 0 
 0 
 0 
 0 
 0 
 0 
 0 
 0 
 0 
 0 
 0 
 0 
 0 
 0 
 0 
 0 
 0 
 0 
 0 
 0 
 0 
 0 
 0 
 0 
 0 
 0 
 0 
 0 
 0 
 0 
 0 
 0 
 0 
 0 
 0 
 0 
 0 
 0 
 0 
 0 
 0 
 0 
 0 
 0 
 0 
 0 
 0 
 0 
 0 
 0 
 0 
 0 
 0 
 0 
 0 
 0 
 0 
 0 
 0 
 0 
 0 
 0 
 0 
 0 
 0 
 0 
 0 
 0 
 0 
 0 
 0 
 0 
 0 
 0 
 0 
 0 
 0 
 0 
 0 
 0 
 0 
 0 
 0 
 0 
 0 
 0 
 0 
 0 
 0 
 0 
 0 
 0 
 0 
 0 
 0 
 0 
 0 
 0 
 0 
 0 
 0 
 0 
 0 
 0 
 0 
 0 
 0 
 0 
 0 
 0 
 0 
 0 
 0 
 0 
 0 
 0 
 0 
 0 
 0 
 0 
 0 
 0 
 0 
 0 
 0 
 0 
 0 
 0 
 0 
 0 
 0 
 0 
 0 
 0 
 0 
 0 
 0 
 0 
 0 
 0 
 0 
 0 
 0 
 0 
 0 
 0 
 0 
 0 
 0 
 0 
 0 
 0 
 0 
 0 
 0 
 0 
 0 
 0 
 0 
 0 
 0 
 0 
 0 
 0 
 0 
 0 
 0 
 0 
 0 
 0 
 0 
 0 
 0 
 0 
 0 
 0 
 0 
 0 
 0 
 0 
 0 
 0 
 0 
 0 
 0 
 0 
 0 
 0 
 0 
 0 
 0 
 0 
 0 
 0 
 0 
 0 
 0 
 0 
 0 
 0 
 0 
 0 
 0 
 0 
 0 
 0 
 0 
 0 
 0 
 0 
 0 
 0 
 0 
 0 
 0 
 0 
 0 
 0 
 0 
 0 
 0 
 0 
 0 
 0 
 0 
 0 
 0 
 0 
 0 
 0 
 0 
 0 
 0 
 0 
 0 
 0 
 0 
 0 
 0 
 0 
 0 
 0 
 0 
 0 
 0 
 0 
 0 
 0 
 0 
 0 
 0 
 0 
 0 
 0 
 0 
 0 
 0 
 0 
 0 
 0 
 0 
 0 
 0 
 0 
 0 
 0 
 0 
 0 
 0 
 0 
 0 
 0 
 0 
 0 
 0 
 0 
 0 
 0 
 0 
 0 
 0 
 0 
 0 
 0 
 0 
 0 
 0 
 0 
 0 
 0 
 0 
 0 
 0 
 0 
 0 
 0 
 0 
 0 
 0.10836 
 0.10836 
 0.10836 
 0.10836 
 0.10836 
 0.10836 
 0.10836 
 0.10836 
 0.10836 
 0.10836 
 0.10836 
 0.10836 
 0.10836 
 0.10836 
 0.10836 
 0.23745 
 0.23745 
 0.23745 
 0.23745 
 0.23745 
 0.23745 
 0.23745 
 0.23745 
 0.23745 
 0.23745 
 0.23745 
 0.23745 
 0.23745 
 0.23745 
 0.23745 
 0.32353 
 0.32353 
 0.32353 
 0.32353 
 0.32353 
 0.32353 
 0.32353 
 0.32353 
 0.32353 
 0.32353 
 0.32353 
 0.32353 
 0.32353 
 0.32353 
 0.32353 
 0.4255 
 0.4255 
 0.4255 
 0.4255 
 0.4255 
 0.4255 
 0.4255 
 0.4255 
 0.4255 
 0.4255 
 0.4255 
 0.4255 
 0.4255 
 0.4255 
 0.4255 
 0.50266 
 0.50266 
 0.50266 
 0.50266 
 0.50266 
 0.50266 
 0.50266 
 0.50266 
 0.50266 
 0.50266 
 0.50266 
 0.50266 
 0.50266 
 0.50266 
 0.50266 
 0.58389 
 0.58389 
 0.58389 
 0.58389 
 0.58389 
 0.58389 
 0.58389 
 0.58389 
 0.58389 
 0.58389 
 0.58389 
 0.58389 
 0.58389 
 0.58389 
 0.58389 
 0.650529999999999 
 0.650529999999999 
 0.650529999999999 
 0.650529999999999 
 0.650529999999999 
 0.650529999999999 
 0.650529999999999 
 0.650529999999999 
 0.650529999999999 
 0.650529999999999 
 0.650529999999999 
 0.650529999999999 
 0.650529999999999 
 0.650529999999999 
 0.650529999999999 
 0.71815 
 0.71815 
 0.71815 
 0.71815 
 0.71815 
 0.71815 
 0.71815 
 0.71815 
 0.71815 
 0.71815 
 0.71815 
 0.71815 
 0.71815 
 0.71815 
 0.71815 
 0.77482 
 0.77482 
 0.77482 
 0.77482 
 0.77482 
 0.77482 
 0.77482 
 0.77482 
 0.77482 
 0.77482 
 0.77482 
 0.77482 
 0.77482 
 0.77482 
 0.77482 
 0.82284 
 0.82284 
 0.82284 
 0.82284 
 0.82284 
 0.82284 
 0.82284 
 0.82284 
 0.82284 
 0.82284 
 0.82284 
 0.82284 
 0.82284 
 0.82284 
 0.82284 
 0.87009 
 0.87009 
 0.87009 
 0.87009 
 0.87009 
 0.87009 
 0.87009 
 0.87009 
 0.87009 
 0.87009 
 0.87009 
 0.87009 
 0.87009 
 0.87009 
 0.87009 
 0.9154 
 0.9154 
 0.9154 
 0.9154 
 0.9154 
 0.9154 
 0.9154 
 0.9154 
 0.9154 
 0.9154 
 0.9154 
 0.9154 
 0.9154 
 0.9154 
 0.9154 
 0.953059999999999 
 0.953059999999999 
 0.953059999999999 
 0.953059999999999 
 0.953059999999999 
 0.953059999999999 
 0.953059999999999 
 0.953059999999999 
 0.953059999999999 
 0.953059999999999 
 0.953059999999999 
 0.953059999999999 
 0.953059999999999 
 0.953059999999999 
 0.953059999999999 
 0.9879 
 0.9879 
 0.9879 
 0.9879 
 0.9879 
 0.9879 
 0.9879 
 0.9879 
 0.9879 
 0.9879 
 0.9879 
 0.9879 
 0.9879 
 0.9879 
 0.9879 
 1.01390999999999 
 1.01390999999999 
 1.01390999999999 
 1.01390999999999 
 1.01390999999999 
 1.01390999999999 
 1.01390999999999 
 1.01390999999999 
 1.01390999999999 
 1.01390999999999 
 1.01390999999999 
 1.01390999999999 
 1.01390999999999 
 1.01390999999999 
 1.01390999999999 
 1.03654 
 1.03654 
 1.03654 
 1.03654 
 1.03654 
 1.03654 
 1.03654 
 1.03654 
 1.03654 
 1.03654 
 1.03654 
 1.03654 
 1.03654 
 1.03654 
 1.03654 
 1.05308999999999 
 1.05308999999999 
 1.05308999999999 
 1.05308999999999 
 1.05308999999999 
 1.05308999999999 
 1.05308999999999 
 1.05308999999999 
 1.05308999999999 
 1.05308999999999 
 1.05308999999999 
 1.05308999999999 
 1.05308999999999 
 1.05308999999999 
 1.05308999999999 
 1.06591 
 1.06591 
 1.06591 
 1.06591 
 1.06591 
 1.06591 
 1.06591 
 1.06591 
 1.06591 
 1.06591 
 1.06591 
 1.06591 
 1.06591 
 1.06591 
 1.06591 
 1.07047 
 1.07047 
 1.07047 
 1.07047 
 1.07047 
 1.07047 
 1.07047 
 1.07047 
 1.07047 
 1.07047 
 1.07047 
 1.07047 
 1.07047 
 1.07047 
 1.07047 
 1.07118 
 1.07118 
 1.07118 
 1.07118 
 1.07118 
 1.07118 
 1.07118 
 1.07118 
 1.07118 
 1.07118 
 1.07118 
 1.07118 
 1.07118 
 1.07118 
 1.07118 
 1.06442 
 1.06442 
 1.06442 
 1.06442 
 1.06442 
 1.06442 
 1.06442 
 1.06442 
 1.06442 
 1.06442 
 1.06442 
 1.06442 
 1.06442 
 1.06442 
 1.06442 
 1.05385999999999 
 1.05385999999999 
 1.05385999999999 
 1.05385999999999 
 1.05385999999999 
 1.05385999999999 
 1.05385999999999 
 1.05385999999999 
 1.05385999999999 
 1.05385999999999 
 1.05385999999999 
 1.05385999999999 
 1.05385999999999 
 1.05385999999999 
 1.05385999999999 
 1.03619 
 1.03619 
 1.03619 
 1.03619 
 1.03619 
 1.03619 
 1.03619 
 1.03619 
 1.03619 
 1.03619 
 1.03619 
 1.03619 
 1.03619 
 1.03619 
 1.03619 
 1.01497 
 1.01497 
 1.01497 
 1.01497 
 1.01497 
 1.01497 
 1.01497 
 1.01497 
 1.01497 
 1.01497 
 1.01497 
 1.01497 
 1.01497 
 1.01497 
 1.01497 
 0.986889999999999 
 0.986889999999999 
 0.986889999999999 
 0.986889999999999 
 0.986889999999999 
 0.986889999999999 
 0.986889999999999 
 0.986889999999999 
 0.986889999999999 
 0.986889999999999 
 0.986889999999999 
 0.986889999999999 
 0.986889999999999 
 0.986889999999999 
 0.986889999999999 
 0.955669999999999 
 0.955669999999999 
 0.955669999999999 
 0.955669999999999 
 0.955669999999999 
 0.955669999999999 
 0.955669999999999 
 0.955669999999999 
 0.955669999999999 
 0.955669999999999 
 0.955669999999999 
 0.955669999999999 
 0.955669999999999 
 0.955669999999999 
 0.955669999999999 
 0.9158 
 0.9158 
 0.9158 
 0.9158 
 0.9158 
 0.9158 
 0.9158 
 0.9158 
 0.9158 
 0.9158 
 0.9158 
 0.9158 
 0.9158 
 0.9158 
 0.9158 
 0.87351 
 0.87351 
 0.87351 
 0.87351 
 0.87351 
 0.87351 
 0.87351 
 0.87351 
 0.87351 
 0.87351 
 0.87351 
 0.87351 
 0.87351 
 0.87351 
 0.87351 
 0.83092 
 0.83092 
 0.83092 
 0.83092 
 0.83092 
 0.83092 
 0.83092 
 0.83092 
 0.83092 
 0.83092 
 0.83092 
 0.83092 
 0.83092 
 0.83092 
 0.83092 
 0.77838 
 0.77838 
 0.77838 
 0.77838 
 0.77838 
 0.77838 
 0.77838 
 0.77838 
 0.77838 
 0.77838 
 0.77838 
 0.77838 
 0.77838 
 0.77838 
 0.77838 
 0.71801 
 0.71801 
 0.71801 
 0.71801 
 0.71801 
 0.71801 
 0.71801 
 0.71801 
 0.71801 
 0.71801 
 0.71801 
 0.71801 
 0.71801 
 0.71801 
 0.71801 
 0.65749 
 0.65749 
 0.65749 
 0.65749 
 0.65749 
 0.65749 
 0.65749 
 0.65749 
 0.65749 
 0.65749 
 0.65749 
 0.65749 
 0.65749 
 0.65749 
 0.65749 
 0.58478 
 0.58478 
 0.58478 
 0.58478 
 0.58478 
 0.58478 
 0.58478 
 0.58478 
 0.58478 
 0.58478 
 0.58478 
 0.58478 
 0.58478 
 0.58478 
 0.58478 
 0.51416 
 0.51416 
 0.51416 
 0.51416 
 0.51416 
 0.51416 
 0.51416 
 0.51416 
 0.51416 
 0.51416 
 0.51416 
 0.51416 
 0.51416 
 0.51416 
 0.51416 
 0.42905 
 0.42905 
 0.42905 
 0.42905 
 0.42905 
 0.42905 
 0.42905 
 0.42905 
 0.42905 
 0.42905 
 0.42905 
 0.42905 
 0.42905 
 0.42905 
 0.42905 
 0.34958 
 0.34958 
 0.34958 
 0.34958 
 0.34958 
 0.34958 
 0.34958 
 0.34958 
 0.34958 
 0.34958 
 0.34958 
 0.34958 
 0.34958 
 0.34958 
 0.34958 
 0.23698 
 0.23698 
 0.23698 
 0.23698 
 0.23698 
 0.23698 
 0.23698 
 0.23698 
 0.23698 
 0.23698 
 0.23698 
 0.23698 
 0.23698 
 0.23698 
 0.23698 
 0.1198 
 0.1198 
 0.1198 
 0.1198 
 0.1198 
 0.1198 
 0.1198 
 0.1198 
 0.1198 
 0.1198 
 0.1198 
 0.1198 
 0.1198 
 0.1198 
 0.1198 
 0.05292 
 0.05292 
 0.05292 
 0.05292 
 0.05292 
 0.05292 
 0.05292 
 0.05292 
 0.05292 
 0.05292 
 0.05292 
 0.05292 
 0.05292 
 0.05292 
 0.05292 
 0.05292 
 0.05292 
 0.05292 
 0.05292 
 0.05292 
 0.05292 
 0.05292 
 0.05292 
 0.05292 
 0.05292 
 0.05292 
 0.05292 
 0.05292 
 0.05292 
 0.05292 
 0.05292 
 0.05292 
 0.05292 
 0.05292 
 0.05292 
 0.05292 
 0.05292 
 0.05292 
 0.05292 
 0.05292 
 0.05292 
 0.05292 
 0.05292 
 0.05292 
 0.05292 
 0 
 0 
 0 
 0 
 0 
 0 
 0 
 0 
 0 
 0 
 0 
 0 
 0 
 0 
 0 
 0 
 0 
 0 
 0 
 0 
 0 
 0 
 0 
 0 
 0 
 0 
 0 
 0 
 0 
 0 
 0 
 0 
 0 
 0 
 0 
 0 
 0 
 0 
 0 
 0 
 0 
 0 
 0 
 0 
 0 
 0 
 0 
 0 
 0 
 0 
 0 
 0 
 0 
 0 
 0 
 0 
 0 
 0 
 0 
 0 
 0 
 0 
 0 
 0 
 0 
 0 
 0 
 0 
 0 
 0 
 0 
 0 
 0 
 0 
 0 
 0 
 0 
 0 
 0 
 0 
 0 
 0 
 0 
 0 
 0 
 0 
 0 
 0 
 0 
 0 
 0 
 0 
 0 
 0 
 0 
 0 
 0 
 0 
 0 
 0 
 0 
 0 
 0 
 0 
 0 
 0 
 0 
 0 
 0 
 0 
 0 
 0 
 0 
 0 
 0 
 0 
 0 
 0 
 0 
 0 
 0 
 0 
 0 
 0 
 0 
 0 
 0 
 0 
 0 
 0 
 0 
 0 
 0 
 0 
 0 
 0 
 0 
 0 
 0 
 0 
 0 
 0 
 0 
 0 
 0 
 0 
 0 
 0 
 0 
 0 
 0 
 0 
 0 
 0 
 0 
 0 
 0 
 0 
 0 
 0 
 0 
 0 
 0 
 0 
 0 
 0 
 0 
 0 
 0 
 0 
 0 
 0 
 0 
 0 
 0 
 0 
 0 
 0 
 0 
 0 
 0 
 0 
 0 
 0 
 0 
 0 
 0 
 0 
 0 
 0 
 0 
 0 
 0 
 0 
 0 
 0 
 0 
 0 
 0 
 0 
 0 
 0 
 0 
 0 
 0 
 0 
 0 
 0 
 0 
 0 
 0 
 0 
 0 
 0 
 0 
 0 
 0 
 0 
 0 
 0 
 0 
 0 
 0 
 0 
 0 
 0 
 0 
 0 
 0 
 0 
 0 
 0 
 0 
 0 
 0 
 0 
 0 
 0 
 0 
 0 
 0 
 0 
 0 
 0 
 0 
 0 
 0 
 0 
 0 
 0 
 0 
 0 
 0 
 0 
 0 
 0 
 0 
 0 
 0 
 0 
 0 
 0 
 0 
 0 
 0 
 0 
 0 
 0 
 0 
 0 
 0 
 0 
 0 
 0 
 0 
 0 
 0 
 0 
 0 
 0 
 0 
 0 
 0 
 0 
 0 
 0 
 0 
 0 
 0 
 0 
 0 
 0 
 0 
 0 
 0 
 0 
 0 
 0 
 0 
 0 
 0 
 0 
 0 
 0 
 0 
 0 
 0 
 0 
 0 
 0 
 0 
 0 
 0 
 0 
 0 
 0 
 0 
 0 
 0 
 0 
 0 
 0 
 0 
 0 
 0 
 0 
 0 
 0 
 0 
 0 
 0 
 0 
 0 
 0 
 0 
 0 
 0 
 0 
 0 
 0 
 0 
 0 
 0 
 0 
 0 
 0 
 0 
 0 
 0 
 0 
 0 
 0 
 0 
 0 
 0 
 0 
 0 
 0 
 0 
 0 
