l(r:p1ulv11174-udt5106lv);(-79.76935886660189,36.10512038886176);(-79.76932652816714,36.10505695065048)

l(r:p1ulv11177-udt5106lv);(-79.76935886660189,36.10512038886176);(-79.7692238882781,36.10522718396228)

l(r:p1ulv11178-udt5106lv);(-79.76935886660189,36.10512038886176);(-79.76938487805549,36.10487724714985)

l(r:p1ulv31036-udt5106lv);(-79.76935886660189,36.10512038886176);(-79.76950017201136,36.10532017351081)

l(r:p1ulv14926-udt7127lv);(-79.76984366032957,36.10466559547565);(-79.76965230239253,36.10482590301342)

l(r:p1ulv15027-udt7127lv);(-79.76984366032957,36.10466559547565);(-79.77009069544548,36.10449684408371)

l(r:p1ulv18436-udt7127lv);(-79.76984366032957,36.10466559547565);(-79.76977673416226,36.10468293852794)

l(r:p1ulv35923-udt14502lv)

l(r:udt5106-udt7929);(-79.77034828362724,36.10507645762456);(-79.76935886660189,36.10512038886176)

l(r:udt7127-udt7929);(-79.77034828362724,36.10507645762456);(-79.76984366032957,36.10466559547565)

l(r:udt14502-udt7929);(-79.77034828362724,36.10507645762456);(-79.7696496336449,36.105709359786786)

l(r:p1umv22-uhs11_1247);(-79.7666944435959,36.10161338302997);(-79.76681365847608,36.1016414159952);(-79.76692676385773,36.10165177038355);(-79.76707817950657,36.10162630831509);(-79.76722518346286,36.101609590645104);(-79.7673878133948,36.10153118824917);(-79.76756064823904,36.10146879969183);(-79.76772327755667,36.10139039682651);(-79.76789611183814,36.10132800777257)

l(r:p1ulv16499-udt7929lv)

l(r:p1umv22-udt7929);(-79.77182208267864,36.10531695455772);(-79.77034828362724,36.10507645762456)

l(r:p1umv22-udt9722);(-79.77182208267864,36.10531695455772);(-79.77208978768084,36.10524757756335)

padswitch(r:udt5106-udt7929)u_74266

padswitch(r:udt5106-udt7929)u_74267

padswitch(r:udt7127-udt7929)u_74268

padswitch(r:udt7127-udt7929)u_74269

padswitch(r:udt14502-udt7929)u_74270

padswitch(r:udt14502-udt7929)u_74271

padswitch(r:p1umv22-udt7929)u_74272

padswitch(r:p1umv22-udt7929)u_74273

padswitch(r:p1umv22-udt9722)u_82714

padswitch(r:p1umv22-udt9722)u_82715

fuse(r:udt5106-udt7929)u_83808

fuse(r:udt7127-udt7929)u_83809

fuse(r:udt14502-udt7929)u_83810

l(r:p1umv22-uhs11_1247)_disconnect

l(r:p1umv22-uhs11_1247)_cont;(-79.76838213809977,36.1010912753779);(-79.76844882243364,36.10104729543484);(-79.76852793591647,36.10100262261391);(-79.76859356238995,36.100941660063135);(-79.76865828278761,36.10089410134677);(-79.7687062190503,36.10083473175793);(-79.76876222465697,36.100772732694175);(-79.76883091226975,36.10071821294536);(-79.76888421953062,36.10065301420724);(-79.76893153516643,36.10057660118267);(-79.76897656058223,36.100505688948196);(-79.76903374747133,36.10043340900557);(-79.76907753723924,36.10036651573228);(-79.76910163098617,36.10028277607251);(-79.76913621712438,36.100201995044046);(-79.76917080470838,36.100129914580535);(-79.76928234252873,36.100134280975624);(-79.76939314942992,36.100144423942275);(-79.76949200679091,36.10014539458259);(-79.76960279439785,36.10016456270805);(-79.76970398195918,36.10016565698392);(-79.76981478897,36.100175799562415);(-79.76991364638573,36.10017676985562);(-79.77001161704106,36.10015094492388);(-79.77011185990276,36.10013394371214);(-79.77026500475077,36.10005559648302);(-79.77042751246523,36.09999272652789);(-79.77058427239132,36.099913198861444);(-79.77071839706487,36.09986048420031);(-79.77086362839196,36.09980788333352);(-79.77099789309963,36.09974615463771);(-79.77119767552318,36.09975721902124);(-79.77139745801253,36.09976828307266);(-79.77159724056766,36.09977934679196);(-79.77179716349013,36.09978139646259);(-79.77199694615406,36.09979245951696);(-79.77219672888376,36.09980352223921);(-79.77239665191243,36.0998055709108);(-79.77259643475091,36.09981663296813);(-79.77279697372352,36.099818701162164);(-79.77299628095483,36.09982072864535);(-79.77299459897287,36.09992889329072);(-79.7729820904464,36.10001891674203);(-79.77299081448069,36.10017226373543);(-79.77299953854016,36.10032561072499);(-79.77300826262481,36.10047895771072);(-79.77301684656803,36.10064131841202);(-79.77302529037024,36.100812692828214);(-79.77304484120228,36.10098418098917);(-79.77305328508018,36.10115555539568);(-79.77305118259628,36.101290761174795);(-79.77304893993133,36.101434980669026);(-79.77304683741846,36.10157018644161);(-79.77305570182952,36.101714519679284);(-79.77304235201089,36.10185862541254);(-79.77303994171425,36.1020123877174);(-79.77302619867838,36.102183005484235);(-79.77301242817398,36.10235415235096);(-79.7730097648198,36.10252541296702);(-79.77300735440114,36.10267917525285);(-79.7729938640989,36.10283229466913);(-79.77299136823825,36.102994012447276);(-79.77297785043429,36.10314766095952);(-79.77296435996803,36.10330078035809);(-79.77295086944073,36.103453899750306);(-79.7729369648197,36.103633981154225);(-79.77291210723499,36.10380456421167);(-79.77290928246624,36.10398528847516);(-79.7728953710806,36.1041654489807);(-79.77289268271305,36.10433720674196);(-79.77286904210354,36.10442706547536);(-79.77285674185033,36.104507178784516);(-79.77286644731133,36.104597429689534);(-79.77285399452862,36.104679434031084);(-79.77285267588562,36.10476857645553);(-79.77284022305638,36.104850580792544);(-79.77283890438929,36.104939723213974);(-79.77282653493407,36.10502073284441);(-79.77281402523833,36.10511075618394);(-79.77281276332103,36.10519187959085);(-79.77280025357672,36.10528190292561);(-79.7727002851072,36.105280878834925);(-79.77260045688072,36.10527084094988);(-79.77250048843271,36.10526981669275);(-79.77240051998974,36.105268792352256);(-79.77228958422137,36.1052586403884);(-79.77218961580047,36.105257615872205);(-79.77208978768084,36.10524757756335);(-79.77182208267864,36.10531695455772)

